d,e,f,g,h,i,j,a,c,b
-0.5279176373243135,0.11374815348614345,1.0915836193774722,-0.7245738281879079,1.0138968341027554,-0.3016807761308459,-0.45961508607392565,4.575242756945584,3.7708259392804018,-13.273394787127476
-0.4827901587246448,-1.3602434375921744,1.3837203611929991,-0.9080624323291501,0.8272526511405023,-0.4958252538120278,-1.2130338058486476,6.226222456616277,-1.5202705803412426,-5.864929863594789
1.157507758021134,-3.047632565352754,1.9445977922602284,-0.24410871852210148,0.1023103338088603,0.3139651524992144,-0.8424820425687267,8.756222261471166,-4.827820443505655,-6.737008710572143
0.22312201840616613,0.10469002988812601,-0.03074383226052982,0.23459558089343707,0.9890646213755394,-0.1998795870983077,-1.168634885989372,3.7713523570718186,-0.49983848157299604,-5.8195024837824105
1.1062887100598888,0.6328579146073064,-1.0023757457662175,0.5649172812729122,2.3558211815981513,2.996239095398143,-0.38115530770242934,-1.539193585542632,0.39944532072760675,1.1567793523475849
-0.08158776968512098,1.1913896402914144,-0.4225609827987464,-0.16884258520296613,2.5207086921579696,1.002031993310248,-0.7189470318695635,-0.8114360794329081,3.875620408199782,-6.6455141095552035
0.5555820886501248,0.5518587715312919,-0.0011197219978901704,-0.4757491193126174,0.35690884921570454,0.5743542832792355,0.6850489636505139,1.1565393163132034,1.6855639618679585,-5.229133228760885
0.06654581585920483,-0.20294194367537022,-0.2882854581273188,-0.16172100304124704,0.6130442097707861,0.7590371449850357,-0.06196721303448301,0.4290593121761992,0.839744524070377,-3.9534420124296723
0.6439387932768579,-0.10239670661109637,0.604791582550568,1.1044950252055679,2.120080771050789,-1.188198689120337,-0.19316067693862857,4.369429633379577,1.985195031253956,-8.006803967897737
-1.342175166370907,-0.20903225602742,0.5101387156134412,0.4173708030318292,-0.8994402395690875,-0.2874711320558362,-0.5857115289891855,3.352623684121175,0.44757421627123883,-8.425039357031734
-0.24576150001290142,-1.572528250002441,-1.0320322451615775,-0.08560729774114767,0.29307665326691656,-0.35171916152165594,0.4389726404181848,1.8639886045150216,-0.9617331948029838,-1.6445182229549327
-0.00463297222434532,0.20541052696125997,-0.8409491386704581,-0.16892915632473834,0.8247427465479676,0.8546730864913044,-0.26228262101606054,0.9203338064539842,0.8207459337679903,-4.709062509319582
-0.3904639494628101,-0.6941385611456656,2.3926767230182415,0.05165171444731515,-0.2362496326236882,0.044189919556039105,-1.660991889007022,5.757794755213185,-2.410074202444685,-4.891120368163937
-1.2417555288783926,0.7668672933290608,0.9958587243723608,0.8894134565245253,0.41920060829060546,-0.7325040553239491,0.5190707129218126,1.9156827994832395,3.2085433128153564,-8.607304267103524
0.3043667290302598,0.4277963982471327,-0.1900716729007449,0.7641144055017897,1.121784150984588,0.20046772107625074,-0.8438550752043381,3.329719201899377,-0.047170669656363996,-5.572929762878993
-1.034308051674399,0.2882190630903242,-1.6680345998890966,0.6451126876611214,0.09759326085181382,0.9213301978776851,-2.4999307240823962,1.683459598984913,-3.286393073593557,-0.5856563115639939
-0.19134398669506028,-0.18838412726438336,-1.8004786917341806,-1.5856033746002556,0.07492707856622638,0.848865922635439,0.6083961914591229,-0.12725032820980842,0.7835488281845073,-2.0269342094453027
-0.6989304285787463,0.87654360408152,0.2607543841411672,-1.8855729044434706,1.528560814293865,0.30374250245132806,-0.2484232079710333,0.7096980482033963,7.428166743605489,-12.701898635009059
0.2377356023322779,-0.27167438368729224,0.4963430343407315,1.2154824164976936,0.5585151816075627,-0.2349659934978464,-0.21424454337091037,4.73233317519439,0.6947895867661439,-7.640909052455301
0.02185214552344288,-0.36127042500344553,0.10753418005363442,-0.15323096025821417,0.9746576907002027,-0.19985406210112439,-1.128146737092067,3.2177341900238305,-1.6593242130921415,-6.5710549823227185
1.0493396105434072,-0.5815939342816051,-1.2103987277827886,-1.598498532013283,-0.0902897461068142,-0.21669325405592046,-0.8501996336058633,4.121437321232322,-0.6182233044562271,-3.9535535479901927
1.4332145066061728,0.5633130735164247,-0.8812384474360504,0.8893462537723492,-0.04191971124232876,-0.5327356730352747,-0.6617235981881447,4.163869034145162,-1.4022448774607665,-5.496510326942955
1.9967308916917865,-0.08879644771250095,0.3190948340235742,0.5374338542273371,-1.009150341366842,-0.5813184819652049,-0.1364737118783534,9.962504045356523,-1.314032233833567,-13.090172981894014
2.3826022826840734,0.9885318628514624,1.5657795312032543,-1.0472087600770361,0.3820575744624996,-1.6458011720890138,-0.13735298691952277,8.005094834658331,1.3632066663406928,-12.96292876340198
-0.09329864965349177,-1.4973731700945367,0.7318133943208879,1.8504632338437539,-1.1391560755342807,0.4797325155225118,-0.05966848056052859,3.714210625312229,-3.515634135889256,-0.880027338097395
-0.8658311156932432,0.11834791338820451,-0.6027193630302223,-0.6718477397612058,0.5887356228811461,0.07286823782849074,-0.23388051091793519,2.6226667755616715,3.168894566217512,-9.43215903546358
0.21723119481052466,0.960734307594464,-1.3760433315731482,0.403376242526725,-0.06580332107218435,-1.0110326867032555,-0.390205294166531,2.7767068723481296,1.1161844722730692,-8.313577179725854
0.5862223313592781,1.1322345721792477,0.37968758061398367,0.17050818601964934,-0.6284077786968656,-0.2182334445471739,0.4990226007177441,2.586593512974165,3.1022872110348807,-8.12588773626862
0.4080361768812668,-0.5860516399755586,1.950943482686692,-0.8288751628002715,-0.9040891661490803,1.2416372628987402,-0.19110620977990994,5.109879880883919,-2.070838851014174,-6.879746445927732
1.251725008565195,-0.5378113463571395,0.9956348061178324,0.13677411731669906,-0.6232291834461349,-0.3797359478496331,-1.3841234270085299,8.058968736439097,-2.0024304638883654,-8.784803158855897
-0.3390330759005625,-0.7945994551250549,-1.0472871463838105,0.13179842701081995,1.276470882780929,-0.3799018241085537,2.4459786114380284,-1.266416158411797,6.551583362091922,-10.603317026922912
0.44632214754306365,0.07859870611503737,-0.3922260129202831,-0.46344461362539624,-0.6660158139603963,1.4508566797431588,0.06388422550333159,1.0899238013800572,-1.4382809145001587,0.48511601770768853
-0.7435882288125641,-1.1269879102008638,1.1193971619983802,0.03000653853094012,0.44830970575637913,-0.5500155783725553,1.7114227989324904,1.6674424682364148,3.8970480682682975,-8.392903522763241
0.13027452147288585,0.001339846754486929,0.33253231309764075,2.671763379756685,0.36119788405399617,-0.6472779240873159,-1.6608668758020833,5.617480745930537,-3.839469492718324,-3.1838649650127113
-0.6222074452947179,0.6191050184648526,-0.4088990902087895,-1.6182272695183921,2.1062402977033328,1.7180999962398222,-0.8363014199559217,-1.2368450306610042,4.239226149961151,-6.178196807087209
-0.4123368722047306,0.21727315822862395,-0.1250444158598842,-0.2538375611255331,0.5616618078027354,-0.5645071656136869,0.5321761598451539,1.056307349522073,3.6971304505539777,-8.801825880899028
1.2992282977860654,0.6140991771126236,-1.7144858954961215,-0.5222384795425068,0.17093837112829996,1.6061991600164907,-0.7085114868189184,-0.20580796436377957,-2.3433724775624643,2.202840666067921
-0.5003610773968998,0.659484214251896,-1.2295073973595978,0.5872576617448404,1.2520435636986627,1.4399431391006616,0.07847007817701199,-1.544692191389388,2.6792537170248467,-3.001863370053564
-0.38318732113598775,-0.25665411639975283,-0.9991448913310123,0.08625383622500567,0.5762891917182107,0.3276005842711286,-1.3263486680493446,3.566735914955176,-1.8263558969038938,-4.872131114123823
0.4287564384616135,-0.010638676618193147,-1.7405029890278156,0.6900914151753954,-0.028941732314764643,-1.0772278744747588,1.0096857385188218,1.3843924412941697,1.3307065575057058,-6.038629540742754
-0.01756282647744591,-1.1001355537243058,-0.7000840296458889,0.4024407533435215,-0.3586073535386307,0.24424174323057224,2.4441003023263694,0.4626565060354798,2.7656617502814864,-5.989310292414139
-0.7292869363736615,-0.6658777111204364,0.687692185117782,0.8952184022261802,-0.2994858907916149,-0.053342962246727924,-0.890608297007585,5.6748696310503215,-3.363897438982392,-3.1220390000865796
-2.672834433102938,-0.22645458454413847,2.4939270057279894,-1.125223510379835,-1.8898526590301186,-0.5387118965490677,-1.378564143602109,5.894700031493648,0.3975763755570427,-9.86797531266092
0.12117794929946196,-0.09154001941820787,2.3310246715580702,-0.24572077366219902,0.7806810899257774,1.613440960225359,-1.0442220155761586,3.2953726843473015,-1.6113062219318393,-3.4515033172783327
-2.564744341820567,-0.6986804359848298,-0.655743462432314,0.13687332068938496,-0.7870019834725421,0.5228796669176042,-0.9109072141999566,3.023950207382483,-2.6659133479167747,-0.6508423919116397
-0.05378255081832049,0.6978168390000047,0.22429730718159427,-0.6082397293372869,-0.685242807179024,0.6614783946454811,1.7634923105597426,1.6923780921396616,4.894787016065764,-10.088652860167617
-0.628066083725374,0.17017694319193222,0.007207060376370152,1.1487423498227427,0.17481932702080696,0.7710362167598054,0.24755698468879414,-0.16303455083963447,2.2513576427383963,-4.087673051394529
-0.17417273380495787,1.2728827687546636,-1.8978144998997766,0.2566944990430854,0.9918943397005953,-1.4302532832423676,-0.47441459536584457,-0.3664589583772109,3.957920036485121,-5.1356149177361345
1.4550455762707113,1.1985198365166936,-0.0700128588128004,0.38472331458523407,-0.23618030223264996,0.45520272463714184,0.9194127917400996,1.2604664594911348,2.4894183530250165,-6.792140588771185
-0.6619259410666513,-0.15124764674637586,0.3870587293957439,-1.1088029749380393,0.8606175223369632,-0.6385761903770217,-2.20284938250963,6.917435186442813,-1.8526577849489119,-7.893607969119127
-1.4481272594150476,0.02512871121603335,2.272991825979389,0.7257079833187221,-0.10258594620857964,0.8645784512858746,-0.7051912089293261,0.8273535573641531,-0.7652834528529263,-0.7707719355491629
0.17651242137244696,0.8454831084818539,0.9277423995512052,0.6203723939313579,0.45108728370382206,1.4618408593935994,-1.8717014863994363,4.01419635715986,-3.093932661579231,-2.0181652151459764
0.9861363169607678,-0.46255571632458015,0.13911173976159188,2.198847853482332,0.713047565204533,-0.30292579390564206,0.5565591280933229,2.991331197858733,-1.4213496007526818,-4.478514608420477
-0.16692793010856513,-0.28060044683806395,0.4539956314469589,0.07967273926756446,-1.0953936892160367,0.8496702524484937,1.7727899230910438,-0.08878752731918793,2.3634788056650136,-3.523654099453704
0.582655241987707,-2.7779942807285725,1.2910290551841355,-1.0089659775882531,0.33624824635237044,1.3509909387784689,1.264779847050035,3.105067696173797,-0.6309155909167494,-5.070112223777717
-0.3509523822179781,0.6062911561087082,1.0393690449185533,0.4552984384165761,0.2873807096435505,1.0363742425589795,-1.9118151597515047,4.007033808569462,-0.6562792685076955,-5.263171156465301
1.8768446112816701,-0.5766472922336929,0.579281971320933,-0.06274668396867535,1.9501389841750185,-0.2753092123620546,0.8938183535575839,4.452625928371303,2.2894931535962737,-11.149015887033743
-1.1173841129896078,0.9885532424653152,-0.7027549598212041,0.4914525899395903,0.9861740478907121,-0.9752363117526348,0.07796139746004017,0.4498228727020116,4.646653783015539,-10.134916459094683
0.4375122486198699,-1.12295704910713,1.4235594722650329,0.06101485541420536,1.0195070602013239,-0.15829917344972547,0.9973845837063676,4.894353522288099,2.3087339566511167,-10.377051924947224
0.16439070297730224,-0.17865516901389017,0.2912052011314934,1.367401527738422,0.1700243142545705,-1.5929754512801433,-0.9654566779118643,5.893682719689316,-1.543834843596967,-8.174934072345748
0.8550193242972788,2.2676442038992546,0.33154169513369264,-1.271855184500885,0.8543846606783719,-0.18824703835356665,-1.209121304680956,4.045575971556001,4.856920376125097,-11.640610371363861
0.5807770953297967,0.32994353865726456,-0.035824746665955476,1.3100396928669502,0.22938766149245945,1.416944415790647,1.7238938281238618,-4.093262684022349,3.585446116575408,-1.564084414173158
-0.08610065182104851,-1.9974666928898597,0.804880565862379,1.075722967494192,-0.7486888733699565,-0.6199536638928509,-0.13771144078056718,6.333907230216113,-3.8835008848707324,-4.40095109872836
-1.5609583529944429,0.0679131691693355,-0.6014608115590059,0.5107079492135139,-0.2623781307101668,0.40236534841982236,-0.6519090880198202,1.8192941557461273,-2.286287659799208,-0.49283714381277005
-1.218813060423628,-0.8795096286589426,0.43765567353430623,0.3204495138460378,0.8877062567839132,-1.0005256841573922,-0.7743519008881833,4.8800988665680425,0.4270714838523512,-7.136889887264393
0.2528848149698989,0.27380384532351953,-0.4205083434368909,-0.5268531959871771,-0.01743389694900904,0.5723951080293523,0.04997597470659558,0.8551145072824268,1.1806966231250635,-6.107359538402342
-0.33445617235587666,-0.9964186260023896,1.9353811835291097,0.4846435113117023,0.2596113479032144,0.13461943632259646,-1.7618169609361978,7.4497467470953,-4.348276927983626,-4.957599256776255
1.6168743984986076,0.16432065938191598,-1.2690896148598123,1.3095256365144003,-0.66334944166446,-0.40925030661018263,-2.3551698851783,4.5705484094293105,-7.176571756165462,2.5948184207297547
0.10788044434303304,1.2260339099106798,-0.2737039958177683,0.22585983631655238,1.9447622376504894,1.2251614550998557,-0.39036432459966475,-0.42115960845534095,0.8308980343895764,-1.503499138259484
0.9355471254651493,-1.1039886353716615,2.2106408773932396,-0.04179722787551253,-1.3730506595686418,0.35241937901004006,-1.9727042241938353,11.493838518946113,-5.956662770950722,-5.026443366432343
-0.9105748839214486,-0.45343829836859284,0.4003099083096733,-0.17857196789385368,0.42218666143744,1.0128137051953732,-0.4901961134780198,3.6381303560630984,-0.49851200668068546,-5.134617784925824
-0.23685026450968424,0.2576404209211606,1.1649444451881277,-0.5829938836640675,0.07477678913551145,0.1024228107189117,-1.1452279708867228,4.131961264165319,0.8199803760006366,-9.032751746463646
-0.0870941710525099,-1.3759135886015514,0.389037590433763,0.9268559135765412,1.7810384592422948,-0.17293311283992888,-0.6576861087924688,4.760571948204171,0.5832416970823184,-8.768500033124717
-0.05841124385868244,1.412513069961006,-0.7834010538966204,-1.183759097060195,0.6662872825131441,-1.0369939046587182,1.5464338961560513,-1.284299912996282,7.4597373974644,-10.386510030233834
-0.4791031709119801,0.6402136593287587,0.14116901883264016,0.2677741974925111,-0.7089590210458417,-1.7339224032296623,-1.7219512695466006,4.87800712348926,-0.9905337676121938,-8.031202096136523
1.403821392066557,-0.42446270978189776,1.8930488854225436,-0.9204557562492998,1.0392536096340605,-0.16037663594526336,0.20967930909148969,5.584822094018268,4.704549904294476,-15.276793411003261
-0.7046732628698824,-1.4098194289478103,0.5887032782151507,-0.4943399501826941,-1.2665962697308424,1.188336538358937,0.72166195980949,2.3414489735815853,-0.45486931621112503,-3.986361828549782
-0.09617893692333225,1.0473152860737585,0.17570045616484992,0.04620327581495357,-2.7456138649773782,0.1523003725473193,1.5160251245495246,0.15410506962869008,0.39974514088836166,-1.135581521699396
0.7673172404612268,-0.5292723066998932,-0.16955071570044408,0.6323761925657985,-1.0576547961228648,-0.5434503273034238,-0.2135874578832405,6.714604403088306,-3.090258612732896,-4.436702510264636
-0.22153611573080054,1.0249216931253993,0.30225821848546125,-0.14203960823294015,-0.8067462514455923,0.16673516963335916,0.8013572363555488,0.742190878206909,2.6363515128319555,-6.985226466675519
0.8205284754174188,-0.2040695150484347,0.28117316564347944,-0.7130470816913138,-0.6856069923582623,-1.3234254267632044,0.02407740648391172,4.606140055950529,0.5072926719056741,-8.59408419155277
-1.06975241128969,-2.95561882434507,0.2764143642537545,0.10016963799347375,0.818070093274486,-0.07619893871980389,1.092871618092712,2.4939476607741677,-0.9228497780638285,-3.9020523165336702
0.6626659703854839,0.39550910636250813,0.49978810429579884,0.5684443055946129,-0.819074664000045,-1.0051063888453775,-0.9569443489891034,6.897864781732963,0.48850581823042916,-11.2935374497856
0.3407914080021059,-1.0518872728984137,-0.542003903525971,-0.06504567271880911,1.2056731451919556,-0.3474311704861944,-0.3538300375674132,4.995446853535095,1.073644214268919,-8.39156390868984
0.18797358748610446,-1.5870983007982418,0.4693606596207741,0.8508609038591928,0.4459283483384537,0.19593206444396905,-1.2424584874574092,6.268349070561703,-4.880790192307255,-2.8992358406549297
1.4511788490210642,-0.7601900886189056,1.6573761202324966,-0.2655404746292363,0.5908820734916369,0.47268309223861316,-0.5901104521574382,8.04198982470123,-0.6191396881233462,-10.388718282011203
-0.6221677002542582,-2.917159880697066,-2.235035497898666,-1.32042314684441,-1.0883077930546925,-0.15355032217003803,2.138174470485208,-1.354044735875145,-0.25676990092034246,0.7095822822937572
1.4274852836845047,-0.25870590168573016,0.2306723023806257,-0.1380470752815336,-1.0179887237676812,-0.7706792596721668,-0.5197719507535998,8.189914106089606,-2.2848863626080744,-8.960488744113995
-0.17951921328260065,1.007510770986559,-0.9310734879421032,-0.8218352964075539,0.8219372011086765,0.5113989961743719,0.8549597531646885,-2.243551543361037,6.319374953339533,-9.689030304243776
-0.292171185803555,2.003509410401342,0.9710063359591881,-0.4061336454709856,-0.13039423891953036,0.9272505073458861,0.07424363469202304,0.32839207637640977,3.451879056583603,-6.139859134921654
0.3310401549961956,-0.7672170685306403,1.5860038309598667,0.43992396668766426,0.2756367823290771,-0.48144002289050875,0.7402843336529155,4.6382551905515355,0.012940797991326747,-7.113663119199369
0.09152017817320818,0.11458443702387822,0.21744041530326128,0.9747518150865815,0.43105449259965123,0.016505176200309918,-0.3415138143814004,3.1186316783792707,0.2153601456499852,-5.884561044276123
-1.5634779478686884,-0.5836803568061814,0.11493391158101274,0.7691475019668077,0.8685819377339127,-0.00791099012472641,-0.4375733069841293,2.8713353808910123,-0.27978926687228617,-6.631571913240518
-0.20406858443884895,-1.2247047776505404,-0.9342390641479599,-0.09921173522605088,0.1482230961834784,-0.4009984788023845,1.7608811400323037,1.4978373444015662,2.0448824166932464,-6.580252058078097
-0.42329831204415375,0.7949322529156275,0.13187381312115198,0.9373769669196479,-0.7653555151203043,-1.3402083850310482,-0.33503902273531805,4.811514659543419,1.5022610927249866,-8.606994537318867
-0.5775388873556505,1.1326898205195888,1.411316985876712,2.417805536116446,0.044138896665593126,1.3421822947732187,-0.3056778613015072,-0.33622093815759935,0.9901468129333055,-2.0393295460552983
-0.45498348034078,-0.11688018640852403,-0.2996530640553656,0.9766653699781299,0.07365659499219453,-0.4319593756539166,-0.3134258326835941,2.3610631447580865,-0.7700586013876507,-3.354293183913396
1.08528700444591,-0.6162930881921079,0.8153160721716332,-1.2123682930597257,1.7595472694492997,-0.25450105340661505,1.010524020326713,2.1520544541274704,5.336793720372736,-11.001264515287348
1.067222416571983,2.325779791881685,-0.3761041905595823,-0.4213372746456993,0.42424813745518875,-1.6022747273509945,1.6219241279552312,1.3965033884781761,9.936723369049119,-18.01803289215535
-1.2442058788608694,-0.0005630971229588082,-1.9155651644689942,0.15909624218900573,-0.6046337365424463,-0.1499356004675666,-0.7589848639930996,1.2882255150897648,-2.4804846600792896,1.0063613939491554
0.031085587771152785,0.6721143150964368,0.24339891640053923,-0.3483693632340722,-1.7620002370036125,-1.454627597036103,-1.2926348019978913,5.214327718602534,-2.0467882724309616,-4.713379790042951
-2.147289029738655,0.02658534132609864,-0.03909892121655298,1.0973275072028672,0.20434768720895413,-0.8825809333500763,-0.17103212161773174,2.871003814538614,1.0718774359129406,-5.906145172925
-0.8781523669287508,2.2816328772760617,0.6108449164108543,1.020882821002474,1.1221280198349068,-0.3939018728443025,1.0260719701535328,-1.81629514600843,6.883795507027585,-12.28702442409181
-1.6873344339580298,-0.6560549366409674,0.09459253295770016,1.8262093469068,0.5519548963055988,0.5092479844130853,0.46444995749542084,0.02209405595664954,-0.881454565539563,-1.0996242491713324
-0.4144730658358585,0.43400982345010697,1.9661274713755903,0.2733212565368742,-0.6966599125054466,0.8640436260742304,-0.7191868959629409,5.591539576268999,-0.13052318814088865,-9.853826899247437
0.08362107741055723,-1.216718418386407,-1.8213503419246384,0.924699196769792,-0.9891957716306787,-0.48711581039762725,1.8722346756364532,0.960173732962616,0.13936182802935076,-3.397453316762769
0.36547447264283456,-2.037728507734718,-1.045262781398474,-2.334177042210305,0.8681767797266683,0.7327109427693562,0.6323153404675466,3.0360897793166473,1.5134181762891696,-6.785423375815588
-0.8065989043073726,-0.6780715284934992,-1.8568104019401659,-1.852727861690278,-0.5508169173337938,0.7709815891931486,1.6837481226249844,-3.403705552525228,2.5032101943093075,0.23938106210364007
-0.005121866720071296,1.484918786733851,-0.21514916577112894,1.0247567337507726,-2.0408588506475196,-0.6000052747111194,-0.7486823085286762,2.979022332002762,-2.6357929670535505,0.42812964425620303
0.17657335845371103,0.4109825769008753,0.085993480747625,-1.66150491973851,3.2710261222145895,1.3538355467931074,0.020508564016334337,0.24843185732092576,4.733137805225248,-8.366399175278591
-0.5376625769030224,0.660442566548437,0.4853032830631407,-0.1652679700224367,0.9038001294014344,0.876830896064053,0.5714492255163438,-2.9209524166227716,4.851596786227519,-3.818463548826025
2.9138624660073296,0.0037962516214591325,1.259114849334736,1.972195951943814,0.30532828734869183,0.46886960254188487,1.44771298327407,4.733640947685098,2.8509578384053667,-13.301308125387337
-0.28279574914757005,-0.23583424381418136,1.0280535653991831,-1.563705118543149,-0.17810346681963335,0.437517713367115,0.20920249248664097,3.4652292563708,2.636190814475417,-8.34574515984488
0.2637172043565196,-1.3263961033185487,0.697488311921,-1.3588772459230156,-0.7141310922000513,-0.9448896176022599,1.2328036892688596,4.547792141670046,1.3921057762218632,-9.25325501504859
0.8863939595679524,0.09482685973037566,1.2651599454883269,-0.30434060491792164,-0.5216203373581595,-1.4835666860516032,-2.023085253033059,10.155240487121064,-2.1378725612896323,-11.798741390331946
-0.9620911163416273,-1.767622112939381,0.016129415276003874,0.9364004170146472,-0.8170086507420794,0.9245753565951862,1.45727086327856,1.2935145107294486,-0.40377984441832315,-4.411678780516224
0.21938250136385634,0.8546857301355617,0.23443111648209775,-1.4980397753910466,0.07921504780413943,-0.07984636410573946,0.8456753684533224,2.160894338894072,3.4060218274239498,-9.530255261541384
1.79756116664464,-2.4363756632473224,0.5010854326224657,-0.9452565518733762,-0.8502073751390576,-1.1838678626399737,-1.154148935586928,10.502945200527321,-5.042023776537465,-6.709705457826548
-0.8670052563234263,1.0269057463206197,0.2242893994169245,-0.3161248719684872,0.8279382674472072,1.7073620136715535,-1.4226085984766192,1.9493157653181836,0.6403470951024992,-3.011154430533593
-0.8267050469168946,-1.2490599706780527,1.3991363816960873,1.2827928561027135,-0.1210284157799757,0.6589105844808723,-0.49819242343437004,4.878568863461497,-1.6022267639441625,-6.069020706836898
-1.674682944704357,0.2726452634321288,-0.8467440928840201,0.4184990745503845,0.37606959632077114,0.04662684279401815,-1.1799716816126755,2.244180002289906,-1.5817421020260132,-3.377747226120545
-0.4812411238654122,-2.107689387614403,-1.5407344962640819,0.9588066560109609,-0.4710002612492502,-0.3826602608642019,-0.12875857572966917,2.997300199980947,-3.7949630598151396,-0.5997368931823619
-1.0155790812075416,1.2884442493182524,-0.35152473514329313,-1.1249293551021546,-0.6091031438233208,-0.3232825985163624,-0.020495562172830533,3.7446240279353926,3.8877685935993935,-11.851628569888547
-0.2862229498406692,1.0845151609299661,1.207425028311201,-1.2907465369156184,-1.1994018258240353,-2.3499712152446164,-0.1812234387919082,6.573236933914442,4.41809187757,-15.859510133313284
-1.141938226142404,-1.4571379129195563,0.21171378417059702,-0.22282217575721136,-0.5166247619747387,0.6354093010182902,-2.105539278208984,5.485919776082681,-3.7486195258967423,-3.6480842900345642
-0.6541464400677965,-0.7925258304579145,-1.043944071468642,0.5457937598499527,0.5995845197903774,-0.23868372306347801,-0.23768363840527992,2.8859426320882413,-1.1479491845897938,-3.670259897889387
-0.0613243458288473,-0.2511025880369125,0.36935805969990443,3.0885121948602836,0.010246684016898003,1.51214355812192,0.9907617345678559,-0.31949086134910754,-2.4059327873608076,1.3408469032584267
-0.35569831557103465,-1.8028561964178826,0.22716279838746606,-0.05058740143343007,1.889379546017354,-1.82331714352279,1.199554469825827,1.9342192846984525,6.152842548581345,-12.687189047469218
-0.11761085542512094,1.5588162477990857,1.924496037012573,0.2310099772555139,-0.24555016520068595,2.5283564752089505,-2.557679737834006,3.9210963437042063,-2.302335690593771,-3.471613007131511
0.36653140723722993,-0.022685275325646737,-0.7017669462667825,-0.9553115088198088,-0.9034825372238406,-2.3545506142918935,-0.419784377516816,6.098206629656544,2.5964754621328296,-12.777228838321223
1.436301756563291,-0.6160490255561253,1.5759202885453896,-0.31636542316144384,-1.7290711467422513,0.05826438725148733,-0.23689755911329374,7.126204132425431,-1.692426825559768,-9.744403716620228
0.5795611424764774,0.008281909957927018,0.6642923020556356,0.237338103793847,-0.47185964772141936,0.36388700382157313,0.7480022627358979,2.5413067243758176,1.5457325095038845,-8.085657972930015
-0.8633452647393817,-0.41033997334510935,1.2092645684253776,-1.019584508167443,-0.4478664117764606,-0.4292913705475386,1.1468517551500457,1.4986012047232915,6.279485770054608,-11.846629784443357
0.10192588737265744,-0.7634393173106605,-0.4922470887653863,-1.4434467969368396,-1.8082375550040173,-1.3447447463164128,2.018265543792186,1.0748866851096426,2.566189857434405,-4.451431543639227
-1.2244690317205003,0.3653637420637676,-0.4684256978994578,-0.7232356859408393,-0.36759546616018607,-0.0015720044691961827,0.06597450310600346,1.6405597293018128,0.7402882610147319,-5.386114564866254
0.777337576061744,-0.6284847301367896,-1.1824505722064373,0.3420034574210212,0.981072798691833,-1.255660206295572,0.9265600692170585,2.113268571746838,2.372187752281252,-8.85260605289995
0.10964775457400863,1.1589495823768998,-0.9035344465762722,0.3991032052982532,1.095154081312597,-1.1970543554232365,0.5223275428545973,1.1660009279866475,3.7132155936839566,-9.467548684247575
-0.7121020418789388,0.21530262994151197,-2.128169541985812,0.02596211343350502,1.123102110260895,-0.20677216355189393,-0.20523217193736742,-0.9440976050446468,1.536878818581382,-5.481647301541541
0.8705556094197265,0.3907250260888961,0.6407291102029202,0.28344143574463715,-1.5603674739430955,-2.123874919888356,-0.5278091463598945,8.089909261525328,0.3682320008144895,-11.692826866189522
-0.48403013157267616,0.9080628435179854,0.5312232285925814,-0.7598679253449151,0.0800826246230855,-0.911686276328237,-0.3378373313502621,3.4848900762155677,1.2854332247413711,-7.129063307698155
-0.8432302702928711,-0.7123370644127087,-0.45615619611535785,0.47969053059753036,0.00884530669694572,-1.469665442070305,1.4107628543122044,2.88346367506949,2.1195098477116696,-9.125278540654579
-0.16344289852451258,-1.0582810508376372,-0.8133904123466764,-0.4182683903638093,0.3182912026531147,-0.21963115191741533,0.13669920332721244,3.3826468003322008,-0.14042630698434114,-6.731237895108961
0.44254562420405297,0.07041912732728889,0.8719754997190072,-1.7867265938449102,-0.5463243585126668,-3.4087120764716907,1.5466114107635742,4.545482897444366,6.764984868334121,-16.108511720819436
-0.36177047744417123,0.5553602285085755,1.1482564245159883,1.5611865331764823,0.9085868016131475,-0.719085478888462,-0.29046317414044986,3.145567234537922,2.939424206479631,-9.401279121998908
1.7207698311659838,0.9211507463947922,-0.5768484731483126,0.5250959739725976,-1.3905124336305947,0.09891547876311091,-1.1336916855468007,5.093145163677752,-3.531232994769122,-3.0892849636620627
0.4480993639362036,0.19526303147977275,-0.19649842039810733,1.4680818226652972,1.297057196491159,0.10140003340525669,-0.05803852790579535,0.6682267049879893,-0.5072098860403287,-0.8709842818721317
1.191142953088865,0.3636981503429628,-0.546537793028378,-0.7663153496157056,-0.3782852173642064,-0.44008901058713173,0.974967844434135,2.069519941908708,3.342689344757567,-10.565436176737451
-0.5577288874952148,-0.7831798617151676,0.4216168299098296,-1.4135173236526528,-1.4672419934867666,1.7059402787087732,-0.374481889485818,2.5088110332989237,-1.8146274178811364,-2.0134213644440093
0.9998242469102946,-1.7332091032089831,-0.3522650349497693,0.21550796930175647,-0.3697007452087749,1.923627220422718,-0.2586929792418571,2.833566350408384,-4.29833842703328,3.693846672450797
-0.1322286565311721,0.4770351272264581,1.7261323746695099,-0.8317611742628097,1.9769753681131799,-0.9615653911218296,1.091906435761852,1.4296897449849273,7.819462426029978,-14.658607430024775
0.6197019654824789,0.4766029673239799,-2.0447282630048207,0.005186448659020086,0.8834121740905903,-0.1651991591304367,0.09451149336757297,-0.27135960638368695,0.48928966901500937,-2.2821086553876344
0.7601330853758538,0.602652446306499,-0.4419100170796902,-0.9038792895808748,0.06598330191824608,0.4374484348615332,1.168003385326591,1.3884824401583078,2.9996010761959346,-5.00481054305334
-2.116654448970531,0.64455841198398,-1.031202068439585,-0.2107189790767625,-0.5858136068358828,-0.20426948780729892,1.059118660208185,-0.3254178777535519,3.6324287184752864,-6.26681495019852
1.2449473786464456,-1.0635597294347174,0.5115137019191913,-0.9810871581162783,0.22605958910202525,0.36814655519840694,-0.12596043254699904,4.7342425981992955,-0.7999183004474346,-6.984387891166886
0.47752933726679525,-1.7763982963422946,-0.29456875466161137,-0.06619263268876116,-0.0774388676322022,-1.8081627135937397,0.9511651707789268,5.163036195482557,-0.5860086808834817,-6.434722920664979
1.320661655528167,1.4387054823592311,0.739692508412923,-0.37344296634951507,-1.0202632921184207,-0.05295866366302793,-0.09089614008213873,3.595068056750643,1.8129055262857992,-9.906202595549809
0.21999668397176517,-0.7498133382845175,-0.8091259849410398,0.6876524845090128,-0.9999847808103971,-0.32806962342559803,0.9443223521182641,0.6900689846879879,-1.2872182484299808,-1.452701529385472
0.8137636899662105,0.3526272039171724,0.1975562825275035,-0.805718166612792,-1.4645323683135887,-0.8269658435469408,-0.579619967676225,6.33041804921689,-2.02485708018026,-6.522946818571138
-0.08787674241562057,-1.1619344063800876,1.4216269780822084,0.4697273397350485,-1.6710590848384548,0.7641082236837743,-0.5477636283468732,6.1845487216440125,-2.7172808879614694,-4.748702080358414
0.2788642846472388,0.8719343665194511,-1.8435474174587096,0.01753690167305848,-1.1875265759871734,0.17723014526811154,-0.1044110411356732,2.1721362527197807,0.23027638736842482,-5.495550683044832
0.38288573638504947,-0.8712160720258142,0.7260290330391413,-0.0554533748079148,-0.025294265564952366,1.0489037151715825,1.382520642408226,1.3022436068314012,1.2493583530584778,-3.883620502580244
-0.051197111816596905,0.8091947318531727,1.504506718589227,0.37510816375419076,-0.3483843510623214,-0.278317559711661,1.1548853107256827,2.834231509102022,4.625767116437946,-11.703249378455824
0.54259446329196,0.4979229342693786,0.5228437607490304,-0.5661892748600006,-1.0492968359138075,-0.5336342491593495,0.7261290561155536,2.902706097526692,5.929074717607843,-15.302018941030449
-1.1715666288253417,-1.559383235305609,1.165672089883819,0.18583457751891555,1.4656601683453478,-0.8759244140817352,0.24113969200002205,3.185783046629427,2.7244863832518034,-6.152952862526877
1.732311605409944,-0.34752341219351923,0.26142041272996835,-0.4439016364187562,-2.3780539627508004,0.7130692818515867,-1.4469455214256013,7.538340406148654,-6.456131329327814,-3.332262599922612
1.471491972993157,-0.39457285186939384,1.202700806536146,-0.49474843052571216,-0.8656981808817654,0.33893852246206824,0.1034571648936973,5.864032296830862,-0.9633492700716213,-9.247482864874193
-2.9305943758527757,-0.9091028886033559,0.4224674242372267,-1.970015031971576,0.3544789549954567,-0.8885846247569626,0.7593337714584683,0.9183125017779102,4.940694691479985,-10.0621558694641
0.4478137167227104,-0.09087092962596285,-1.1696100024788274,-0.7357519902503197,-0.15606350082190265,-2.157557174301955,0.9181462252078333,3.221950420363292,3.97561640761079,-11.995011749882767
0.3446049047503575,-0.3044267628566672,0.8742776789190644,-0.22065607324128275,-0.014334004511910938,0.7010360268721068,-0.12318029575890527,3.6123702679613134,-0.13125891659823594,-5.579096487635836
1.3289605904369892,0.8291210710660528,-0.23843635098030264,-1.5362723140442447,-0.5898813315538055,0.3071083625824217,2.1203702490425242,1.4820598978528468,5.0546269125030925,-10.71297834562083
1.535755991995992,-1.3763874990779479,0.01733462915130733,-1.3679422773818628,0.38433395931340797,0.22896993566438997,-1.4514533243732721,7.880143135171853,-4.8105255908420945,-5.605070945766219
0.15853969107671423,2.809210861229503,0.053752562990502024,-1.7253542620077036,-0.4809166661741407,0.0699585894113745,-0.8942720041535557,2.176378901094948,5.196046988315195,-12.08727422294221
-1.1195358752705262,0.03752323233959842,-1.2644303611772136,0.2470067074841741,-0.3266233335678035,-1.3354568503598725,-1.7269654855764658,2.9775929521644002,-3.741314175605153,2.1263461146418106
0.39282746825991893,0.7454989065249826,1.8220552213428425,0.7925074116726066,-1.4941123357187784,2.287450000653147,-0.26231452558099516,4.124763085700083,-0.6136254150718521,-7.223566903395563
0.5872591668027922,-0.23644641996451343,-0.020706364106233777,0.6232910662519707,0.14549304703531002,-0.5481591248437031,0.42303597473040044,4.058715709945801,-0.2628685812819923,-4.076967073768273
-1.0762452003187681,0.43545833595741784,0.5438770041121802,-1.4966604767228804,-0.09484460692850216,1.3666791787182826,2.3278053364265916,-4.903443054586999,5.059733070257333,-2.9849782841622514
0.18323443722190613,-0.31619770458118795,-0.12180522405333363,-0.9810993674682146,0.3995247560451345,0.6165077424678032,0.2291828347841731,1.4778122392024522,3.0757118616946073,-7.219966870595091
0.5154104029008109,-0.05493486620291775,-0.5437828043527234,0.968245592371294,0.7426049592352919,1.6898226204410154,0.883351637758792,-0.5444507490534307,1.0106727511890903,-2.512851420952874
-0.09848548450942361,0.008505626723153567,0.6294040061022004,-0.665061720361623,0.06161034618947592,0.47980232005157775,-1.2893351974019516,2.8979867757882714,2.9245875124928906,-9.12777779894181
-0.5714492191967373,1.1289911009620173,-0.6444557648827163,0.6658330978067158,-1.3150546090375794,-1.2043669485340438,1.0458305917606978,-0.5133904689537392,3.3343379642919464,-5.145680931857231
-1.3748958083699818,-0.482232478702921,0.5509243808935403,-0.33742975410617465,-0.36945533782374834,0.23915868457723857,-0.9835804969268109,2.4898779203294366,-0.9527252272733504,-4.183788116819095
-2.132046280731309,-2.001545744438679,2.7039851072793866,-0.22752941536322038,0.2851238413422724,-0.4847020319515423,1.9620056638422476,1.7563077019594941,5.901022087913232,-13.818280835208999
0.09058490690174555,0.42022670947458574,0.09080002361004777,-0.30620207897154783,0.5406095029470755,-0.9357331991843516,0.1451667803970126,3.757093758731253,3.697431812048338,-11.735425888333346
0.6655852363134291,0.17874096328632716,-0.0022502445041573905,-0.237259719097402,-0.3202407423014329,-0.7221222702285907,-0.7691302177438546,5.2308077661880255,-2.399108094620548,-5.979458057737433
0.4801434033916108,1.193618571856377,1.2352473883102724,1.7436218672915653,1.4084488442463559,-1.5258569827326718,0.5633988376627469,2.461686283683755,5.9972819149714285,-14.288710880117375
1.5733549024752425,-0.6236006892582127,0.12686697629584257,-1.9168158717650765,0.39372499931439753,-0.6611567286136416,-0.12267622111472039,5.154886376345722,2.4209032236145025,-11.687144942496964
0.05217331865753347,-0.02808307510403198,-0.6309615971321306,1.5087196233225784,-0.9339404526462636,1.0259321315802274,1.4778363000082735,-0.022995873811291312,-0.3963898284955405,-0.9752008914277419
0.18532564941538202,-2.2604147573378524,0.5841690733522902,0.5504335109347853,0.8868263287992036,-0.3864728727169088,-1.0036894036331077,5.857992580879289,-1.9057543530871466,-5.122592911246622
2.0487556508632867,-0.5656387483550389,0.11387519414201226,0.7577767609361872,-1.4294982383634685,1.148495298580351,0.5998267754606512,4.225613127966769,-3.840659429729434,-0.9504132490286313
-1.6855973173848082,-0.21768469343465674,0.8271727996212221,0.7865167513318304,-1.1401847271486785,0.2294564744446623,0.6236420996116513,3.242808365589687,0.5022830929980002,-4.819398678249407
-0.812941095310326,0.014527881937568883,-0.7194815459785476,-0.39777791394020817,1.4200279177871042,-1.6818057566276796,0.9533035516427811,0.7553446937832397,4.5142486169227025,-7.808000702923705
0.816775867200791,-1.5006694027818388,1.2328637433090093,-0.6332542022735941,1.6141139230244876,-0.5314569023067949,0.5799338417292843,4.8691032229138855,3.041759444307996,-12.045358091920916
0.895184981971686,-0.624603408215179,0.24891359867502955,1.3221358940784769,1.0856094029740586,-2.2253631870979826,1.4489340247508535,1.978273844397822,4.424720838288881,-11.014710103795371
1.8206461576468016,0.228770028928938,-2.3833887029573617,0.9101014949397712,-0.9332255506893351,0.021698171059916185,0.2798202650191239,3.411332502178695,-3.4352588159822712,1.0089556563283713
0.1627530651050056,-0.4564711442247224,0.272862518025773,2.4718090760554694,-0.6520745694027944,-0.9763852077662583,0.1554642443691435,4.973605288773599,-0.36164118673870704,-6.880237135611137
0.7908017211789892,-0.5383162028615798,-1.7564767207463141,-1.21271879904259,-1.2831478026036598,1.5326278923931278,0.8193409201744406,0.7353446071447514,-3.1225274677180668,1.9949227776343796
-1.4422991355594112,-1.0846106224362382,0.6328683235572881,0.7141137485533007,0.5952860603380394,1.2055405644802868,-1.2949669784744322,1.5616537935275197,-2.549993297446116,-2.0151743046706
-0.9868570784282374,0.30197074251927114,-2.3812673401219207,0.9661296810041061,-1.8365102023750728,1.4783291004402292,-0.5714495709282644,-1.1126610649911035,-3.875891524505789,5.6395059691646185
0.6700792422021898,-0.09419457535083331,-1.9736826764086015,-0.31802743380706927,-1.6515259952393577,-1.0034794095040838,-1.6051332014584174,5.85597152027677,-4.846024548838354,-0.729437565263251
-0.46235179266456716,0.4550237203475199,-0.03233711869521544,0.43525395717106363,-0.07476256341330836,0.8909098149294582,0.7192752369203216,-2.242793949214884,0.8237852966586647,1.372271583406737
-0.7421920939974367,-0.0886139452531673,-0.6816145525304338,-1.0444164883084324,-1.1092371336030074,-0.0849898009367489,-1.241737812151367,4.521479090411852,-2.7157183493222923,-3.7648418339301943
-0.6782644401551767,-1.5679304164304986,-1.7027786118933097,0.12940953689586895,0.7464182196329605,-0.5350294543083745,-1.0023077666505982,2.4683612709309717,-3.9858976447562866,0.16277404916588312
-0.3427861508643793,-0.1440276600546764,0.819343097059747,1.1060062915027862,0.10130705515326355,1.1617347900146988,0.033246516344661574,1.6695497890104676,0.3772535840474246,-2.9906094649058694
0.31200947155124387,0.6578880104331793,0.8345255473690577,0.4879913708045874,-0.4709214106448598,0.8923733745114522,-1.3622494798674596,3.4358315159692543,-2.3272510521933643,-3.599205220969692
-0.652916144664712,0.16205955906287475,0.4395161442914286,-1.19034348816837,0.17889171170518062,-1.2128906345418562,-1.0110037937149083,5.437862230168617,1.663897676748922,-11.881288549918867
1.579091256410435,-0.7619744583102578,0.4810286647636553,0.8630875180453551,0.40993558498056715,2.1156298300625043,-0.767795559731436,4.353018944630706,-4.86130958510292,-0.40388807591048037
0.44607220148208054,-1.9081304132252668,-1.0775832476037126,0.6886117009788877,0.6070534347705518,-0.09204253862102917,-1.8470895859203031,5.606729809165079,-7.200153675105416,1.2167443922735803
0.4869724807855818,-0.4083331628266692,0.7770729589908982,0.7393260256749032,-0.01975785983585163,1.30473169982152,-1.3725142171743974,4.598467959617393,-3.976668261980673,-1.5181784930080329
-1.4805365125650163,1.4011862750338961,-0.4357300881667396,-0.9784408800414345,-0.6956791195166836,-0.040124057803329026,0.20493932365357484,0.1661596620359959,4.797236136600068,-7.813941157993447
-1.0585360819784093,0.862000050412134,0.48033429588137955,-0.9283241307890274,-0.5963716676367777,-0.323922473928551,0.034706067142122404,3.508827477192022,2.6483573669681997,-10.338117838764395
0.23216988962625595,0.7957780097442332,0.13820512935328008,0.33051952858759515,-0.4667891880435197,0.49713624038609394,-0.32202262863813463,3.7664177025145027,-0.035951931349240684,-4.869142311206746
0.7933472351999252,-0.06025184640128695,-0.17287108244343635,0.004132882654866092,0.41527969026545347,0.35810361265921586,0.35375047837249485,2.86372829770132,0.37591000516799944,-4.834422369977068
2.327653100346085,0.3645344890332625,-2.4392496385726155,-0.608247947199117,-2.2026926411353642,0.8973614590200242,0.14330116864769596,2.0231152974736966,-3.2932112097226285,0.7337253720943391
-0.09426255425255699,-1.001291432756544,-0.8059936088317976,-0.8526931146348199,-0.8485249753526413,-0.6987634188148159,-0.03312605936201012,3.1546474449593602,-2.1981053168478764,-1.9416045662458958
-0.6935061645722808,0.2898854759184008,-1.086073582612479,-1.7157582843783166,-0.8703736742910814,-0.6075290409554163,-0.28916439841061226,1.3190073556899264,2.9731233175163534,-6.81494673680379
-0.14079088641638526,-0.3842459128805702,0.9365693558567879,-0.11391639305308393,1.9944284946810726,-0.7606129530104807,-0.6775091168806363,5.051737592458583,2.3325348983167826,-12.065514392227389
-0.4083886272547264,-1.1369225814104345,-0.09401517408515554,-2.339748115707397,-1.1021370292635242,1.9982889833413344,-1.3816313239350773,3.48319411360727,-5.735312810117027,1.3002308131611557
-1.0078929496235447,-0.5618065435255897,-0.6775115456917667,-1.0263984541151934,0.18033534066391385,2.4478027535929074,1.1588008606340119,-2.8699658695334094,2.921509695164257,-2.0391008092013942
0.6374709026511215,-0.959427753141868,1.0456401202092658,-1.3357205093045694,0.36633696893406104,-1.154585614426325,1.411167174149276,5.24423073027855,4.21195777662848,-12.340829520378039
0.9159025423560131,0.8867590544047386,0.7903934769661722,0.041206066781619685,0.034177715724574294,0.37975218849869696,-0.6255046518957602,3.9862641867149655,0.5634005482839717,-7.426621158559598
-0.41092723083373717,-0.8002116966018503,-1.862484752624795,-0.7120541661829632,-1.417008913102986,-0.060314253113753484,-1.9413141205973408,4.155145433435951,-6.068406374978284,2.6141937870554175
-1.3647416522015654,0.48509386849711267,-1.599949334084345,-0.804149961574959,0.12583605522083274,1.2213561293133421,0.3002934374411798,-3.339291522112335,2.530685060320846,-1.399117772078445
-0.29732336269763543,0.5481283796421961,1.7067676404189733,-1.3938351520346257,-0.16934250702136555,0.01236113190525933,-0.6869284998617177,3.844746834533291,1.9924586273812634,-10.237517887393423
1.3535858895693973,0.028022187025876687,-2.32709979694531,1.2283943683343845,1.358184147104979,-1.2107735775251085,-0.09534783849605591,0.974096031490687,0.23878343106516708,-2.79556583261751
0.2230797426252751,0.44997834134654807,1.8165269961401054,-0.4989375499619459,0.21569871388595227,0.6706143105064207,-0.21542655348545797,5.0460420223821325,1.9972331172452646,-10.917083387998272
0.03278209287626079,0.41197158212675383,-0.4915408261571657,0.05620565308915186,0.5773327417846801,1.1024665143680576,-1.61973469381174,2.3966783297637955,-1.1123940025522443,-2.259544292820883
-0.6196659341286136,1.1755065765087795,0.21146015236391716,1.0520748860237426,0.8461252459056059,-1.6864767061901427,0.3924989370016137,2.341871949865639,5.906961796859121,-12.276957469651531
-0.9054790553600608,1.241959996813811,1.5434928560145533,0.5913207288524843,-0.21966167193855743,-1.0220872459766968,-0.044085137107797066,3.968766339183798,5.744773269582456,-14.557199018027719
0.32799548371410964,-0.9653511948087635,-0.3061190484599539,0.15154079576526616,-0.18819185705108066,0.3973283082628641,-0.5603514924222011,4.036139098167791,-3.301930181602473,-1.5327582086719507
-2.003522292066514,0.17726136694885572,-0.6990218531039264,-0.2792209192116837,-0.1323456733574863,-0.3166228050618577,0.6849545566550082,-2.5826364065723757,2.6908906793863645,-2.476819768561195
0.8659686384171532,-0.8016188407684506,-0.7507246182651125,1.4804530339306854,-0.9535708146940268,0.611061200073943,-0.09096489479132862,4.063662290643267,-5.604194982621304,-0.41907633802036903
-0.1525225324523588,-0.377806532758272,1.5699984849989468,-0.05594543204526823,0.3524624971887139,-0.501628556371903,1.075635401278862,2.9242192374922134,3.4138794311630485,-10.37416775219291
1.3506251209526567,1.7060917581276394,-0.16376410412220166,0.5460892308314287,0.6539478209229405,1.110390972357463,-0.2640044922677962,2.4533870856723796,-0.06490538219113384,-4.12228688664245
0.05246679835624363,-0.023233710850366202,2.2774304485560983,1.0732578317891572,-0.6800691540284102,-0.7655879132883234,-0.9558825880279255,9.030932821571746,-0.07317351781471593,-13.691524528283807
0.7629264823369366,0.5080791051990653,-0.9928468078339396,-1.647777141104471,-1.0578762645308748,-0.2161722233219656,-0.14566107319743485,3.3876365112974525,2.073267750790272,-7.621075810181205
-1.8919462533119105,-1.0644727461261723,0.11698023402388695,-1.2787099677768716,-1.041123135948791,-1.2793900879214963,-1.2123174282919575,5.4966699329485005,-1.6447886793204096,-5.3506035333559305
-1.127780764891714,-1.1173276020512748,0.9704979808637308,-0.1778257252886896,-1.0875021197614503,0.2023181805583551,0.9204144983406113,2.953566425449772,-0.39961904635469736,-5.241543294297161
-1.6012779371188537,-1.7520985727269711,0.6840379131173813,-0.07347866159040038,0.7222741471780024,1.5275320647572548,0.5118959120492431,1.464908290224415,0.015159538453731691,-2.6507176518149564
-0.11754216732813036,0.25590685010422287,0.2907331778668224,0.7096618656378763,-0.5332521826826966,-1.5852546226077653,-0.4349584991361448,3.324982964774144,0.5195799940842166,-6.742484587813725
2.0602981705240784,-1.160911956386739,0.04118002034917748,2.4463178589103234,1.2405965461930721,-0.23971377853080178,0.7595337457632192,4.805131428290769,-0.6542054476649726,-8.147850197871914
-0.37615607123009925,-0.03853826184341251,0.24668314961074406,1.6443017102336905,1.1175741969331559,-1.2414023780529977,0.012345457426139817,2.293722870992941,1.2340859066618464,-5.433672851103301
-0.8881338537336524,0.1813142178614196,0.10093679173515462,2.8144474532661614,-1.0038881360113527,0.7155380517039994,-0.04898648806095168,1.2750803159188844,-2.660551441677789,-0.7923589107642917
1.47927451067423,0.5453232619670604,1.6274013394646858,-1.0341111395297102,-0.06582878867392292,0.9222479411719373,0.3367071917563058,3.8236460137258135,-0.14519803525269115,-8.041677194910962
-0.8213866792243861,-1.5073256477730475,0.6334215410273492,0.6766145517765254,-1.3454710979328943,0.1767876377631527,-0.4774186214077085,5.1414675312950555,-3.228937326566135,-3.849708080920584
-0.5182798423662747,0.7420289029794906,0.999674019871989,-0.261264391041254,-1.7712048383918628,0.5587978521423151,0.23958364414552194,3.9667023779696393,1.7140745275297116,-8.788041586233263
0.524187842812771,-1.0865678595905903,0.6685553432567358,-0.5006181459886532,0.6110019598252598,-0.2640759699918621,-1.5051279426706532,7.118809460141077,-0.7967196827771081,-10.019236904687592
-0.458675284939333,0.040256502000462865,-0.7740858849820498,2.0638945356566682,0.5384978536410825,0.4861553100763835,-1.2357459785659517,2.2476282215470325,-2.715816324225758,1.1040079248128924
1.498374440296732,0.24794756085187486,-0.23977101289359176,0.4274810421208385,-1.5004204022205085,1.371067390768662,-1.0863205578814785,5.199652921648899,-5.7607369014646155,-2.1774177265636165
-1.5338614049161376,-2.0844021549884744,-0.890020749763603,2.0617991527316084,1.0961423663553396,-0.8095174571305996,-0.7175004222282269,1.989159410181124,-3.935745826742175,0.3215095657423013
-0.3359392250401477,-0.9006921837126766,0.07539954314606226,-0.16958637249729036,0.40358807028110283,-1.426693421297779,-0.10350864842972622,4.464452308874906,1.5743715575018833,-8.80031727895516
-2.964528837841651,-0.21173380254439425,1.2177251874511363,0.16152465215384673,-0.7010408239878044,0.07416617660602177,0.16307020793270105,1.2630474633530462,0.902061211335613,-4.536077036214014
0.2893591569571111,-0.3796764708481731,-0.13210121281312523,1.2370505418424689,-0.16122943118080152,1.2246293575998046,0.13625830625349225,1.4509546907734416,-2.7949349347902004,0.6301778666237987
0.22822833013890514,0.5239509541926708,0.2342983603768977,-0.59197880772998,0.4187978282005477,0.3871617791163626,-0.2979083142853102,2.8186643489377725,1.2002556382755847,-7.605796109451984
-0.5227186961696804,0.2819558673941572,-0.019901670906585355,-1.734385762448901,1.8528649749385728,-0.6467589164795713,-0.1125699069679908,3.012323575793871,4.85349385018342,-11.459630351118818
-0.46940234020272387,-1.3981096597988507,-0.09528578701393456,-1.1617333589343466,-0.8182700389184578,-0.9758383372350086,0.777355062737863,3.3282582362945288,2.0109307580616695,-9.15244246088073
0.24165971982083806,1.5777682049318862,-1.913779734828926,-1.7749430445787269,1.1805272624119694,0.288838351659376,-1.0080249578028904,0.08957577950053192,2.410931227633615,-5.648387158407053
-1.0308137202711538,0.14141947334054417,0.8353769939022309,-0.7410185797788948,-1.8125883665686418,0.5988341726560692,-1.3250596328253537,2.26460157940352,-2.6534673625248923,-0.2478894360439725
-0.04658727033933937,0.23556987063989387,0.5722424201872743,0.5628579201823911,0.09569537759625597,2.017809371605892,1.087087189252434,-0.7132859424841791,1.274075465937578,-3.831334622533636
-0.37191458132128985,-0.661416892306816,-0.7500017362485115,-0.06092305470793503,-0.6594976961732696,-0.04208605163638678,0.11195924144437792,2.162244392890758,-1.376653705824196,-1.4291767797335817
0.3487758940462951,0.5098982484765356,-0.40316267693004887,0.7041903451231669,-0.2468858558272829,-0.8703470176574332,0.315581254197363,1.7733949215351512,0.872106490706914,-5.394584982232739
0.17258791772211948,-1.6002058490434774,0.051698321428614635,-1.761289404642545,-0.5108770883291476,-0.1887487018643749,0.2442782822759085,6.208118032320661,-1.565915490293811,-6.919276879420422
0.278143726454627,-0.5165107421608328,-0.025639060347674214,0.07099471542494816,-0.38833390313264615,-0.3361246026263436,0.5957479067117164,4.771086334566438,0.40093718419830704,-8.247766464123394
-0.001919853176346149,-0.2863661358651756,0.184366707175664,-0.6289453549327747,0.6088905165770311,-1.448357837970381,-0.7203480373593485,6.167082774405131,1.0966648047621064,-11.55956444612025
1.0892174967107926,2.2292736105559734,-0.7449829387256415,0.11513136750780958,1.2359984827633934,0.6123449200984505,1.3603397390464533,-1.9752907585101487,7.501443275681025,-9.87839480255398
-0.24506065119070236,-0.4934013403826786,-1.112044254359201,-0.8915294546720363,-0.4898522085891503,1.1445933388273806,1.735022999773876,-1.538354542796305,0.8152518172667444,0.4188715601003692
0.7848440366081351,-0.08932040270073452,0.6910625658668772,0.48788334201956646,-2.5607373856586215,-0.5552259441702052,-0.17218516129512423,6.860689116933253,-2.0779866811920793,-8.371343458606498
0.23544836830993032,-0.9849949277244419,0.30941283975992473,-0.7996574222976441,-1.706637306334278,-0.18739922090398406,-0.6470166219514599,5.155492555765463,-2.5549838059807577,-4.447774319484893
0.013985221865292462,-0.69193369617461,1.5753766494355401,-1.8721555024333958,1.2117489071961567,-0.274854104030484,0.011424515361312802,4.194378034867897,2.5124002611737257,-10.670543203285733
-1.2798409576400205,-0.9177535374175142,0.8257136414253099,0.927545777313543,-1.498110341648047,-0.10498470630588037,1.7684253285138456,1.6826570014466005,1.0439578508817156,-4.820510535808866
-1.0721330214268592,-0.7030690808978022,0.33980857449043056,-0.06166531920654083,1.2880660702621847,-1.054842334318573,0.4156659699331173,0.5933708145641907,2.4545704522623515,-7.35596035629916
-0.01208465078826744,-0.11316840972889723,-1.140206856651158,0.0806077756205216,-0.8828655145476005,2.5703219809445987,-0.7820778736683621,-0.31168631542796654,-4.714230487493899,4.928248322327999
-1.1133880419218483,0.9738190717173091,-0.21395314386081168,1.3363794578768242,-1.0439117745894657,1.1508397491520586,0.19877067748871843,0.049046223120994714,0.4350068905109644,-2.9153861452446437
-0.17040758116420443,-0.8094863188927663,-0.11432216800474763,1.0813747939371465,-0.6410159159875635,0.7958719880221928,-0.5603007768981497,3.4734308450246787,-2.55182566118719,-1.9260070227206572
-0.6139768013928971,0.3240125241899799,-0.7712301662346388,0.3482030159448188,2.7312887091595517,0.03157412228138299,1.104183382169693,-2.343123479616666,6.227331761515432,-8.860090307084711
0.9689978702758579,0.661378189891708,0.9759840502940518,-0.8108889438085887,0.024549832403988035,-0.03670719561899534,1.272422160284049,3.450152078811687,6.511333581062031,-14.951524491102159
-0.27514225122668373,0.14984241398728004,-0.4928597688955594,-0.44169179417299426,0.8658170031798195,-0.27276204767104256,-0.5368691328707993,5.044270228349643,0.638459996336409,-6.790129459747026
-0.18767099092845213,-1.4419787356400129,-0.46233970552128695,-0.3747950747900833,-2.240704260997945,0.042381228696125636,-1.3698434652121445,5.38489068106719,-6.970633399060893,1.351517808498074
0.030631492594417446,-0.18595667718604886,1.291686465658673,0.7041481416397848,0.5538763202788318,-0.5494270197753985,0.9938846034779243,3.3164144446465844,4.340448547910355,-10.912299110853954
-1.1958396455890397,0.11039572561221853,1.0224072253604721,-0.4708216577755361,1.0261896681068639,0.7102748764711765,-1.0730001540983543,3.4391400900075264,0.9699889719530547,-7.6685208342214075
-1.8618451532425115,-0.8796424273675065,0.009173248182129144,-0.3290536720482161,0.7580799869400913,-1.8903722477087583,0.2730941056315511,1.70319773201548,4.230060561762068,-9.77319089583146
0.2732040228521227,0.48398229395152703,0.7528721671488805,1.560350929874458,0.5806226194469853,0.43846362477666,0.1340044761679099,2.645998824615053,1.007819528362393,-6.632299733920434
-0.33732516206850605,-1.492105835472992,1.447058696031102,-0.2739917648970031,-0.042304725672598735,1.129580854227459,-0.593156507338082,5.173463881550039,-1.6851187670145014,-4.945713856400966
-0.4116383222162092,-2.3442978937886774,1.3530735775420593,0.046309964794139964,-0.5397883030129608,0.40231539135661587,0.5096507632062802,5.092552013322007,-2.2031626553458725,-7.635703304750603
-1.0322626705778368,0.7715332597619193,0.8395680907742521,0.4097512196232897,0.46238565885031974,0.4937227144602481,-0.23626644503100197,2.8597657611826928,3.2650776890805306,-9.875683301064534
-0.059282646025932216,-0.4519509798535085,1.249022696873495,0.2532045102953498,-0.25795209324106383,0.22511672703840255,-1.4607253059719505,6.471560503250872,-2.554679903659741,-5.933568511187436
-1.4944056198193065,-1.4711152343848903,0.5886401517374027,-1.555839411664935,1.5195246793091843,-0.41167611233906165,0.5527285008997627,1.7109479964048149,5.0583129775596,-10.796436652145646
1.5112284332767216,-1.8779887659659078,-0.9021111381810512,0.018991186640108272,1.8368951698290128,0.38762577151474775,1.4393357712113763,1.675095405329731,0.10126704160572886,-4.472586430478149
1.2003062582593216,-2.1803662087381888,-0.2934030910639739,0.7030254590454112,-0.7569098727650648,-2.778669641666051,0.35982566628688983,8.574037033823565,-0.5179183863589842,-12.507841142231948
0.9827395110230576,1.4729535721895743,-0.8094537290973276,-0.2634772501790354,1.3381961329386531,0.49493130452329864,-0.35444799597628235,1.3084282385821189,0.8490372055681368,-2.828704307008109
-1.188763054322851,-0.09844600230787963,-0.5237727785412354,0.4128913952224006,-0.30431016948979245,1.3731749178886479,0.49105460480878543,-1.8421906818963563,1.3901842813656906,-1.4437899861510959
-0.9701495196514126,-1.268013916843997,-0.2152444565761547,-0.7273677406591319,-1.0562449926651958,0.6784028752966336,1.065279371699199,-1.5244452555617478,-0.4708810207046137,0.19442118022491672
-0.22222269709877338,1.381707593377797,0.32408922232004705,-0.6236025096293596,-0.07131606712593476,-1.3671138840342332,-1.470215622097479,4.939959696043145,0.6227144787373414,-7.98914144674321
0.7668228717842437,0.30383742563756283,-1.2100528496890341,1.0116604137066467,-0.34325576183686607,0.2238927070680576,-0.31009530858943096,4.32445010602896,-3.726132569211,-1.9369460120105835
1.314807871505905,0.9651704927286658,2.390222710651804,-0.6903295791777758,-0.6772979420670315,-0.3139424547478518,0.03421011833279838,5.368583085907035,4.508431251977823,-13.814936420813892
0.5484279208297995,0.7297156737837084,-1.8096169689172292,0.4906069024558882,0.6421529522992627,-0.12433282084890122,-0.37138664118742654,2.342206448954411,-0.9625465963051002,-2.6336715966703452
-1.993060371054156,-0.008794689485571452,-2.3721955280635143,0.4934319881836954,-0.055476016256334894,-1.085235291142143,-1.1297953982960518,-2.0449470432116894,-0.786825669820685,3.358923729836257
-0.8931306215848627,0.8928558163229553,0.7497655536581233,1.2993469305535403,-1.7485180294835236,-0.12982017167255325,-0.36921329146881043,2.0817364710094077,-3.009791710683526,0.31880062725280106
1.0659802307876436,1.0190436932417624,-0.36437729289324183,1.7767198471176207,-0.11619928435975406,0.002149080427685861,-2.0605289471243124,6.150572827617457,-3.7839648420225473,-3.9408492883521933
-0.13113753020334493,-0.3255450115195318,-0.535087153376712,-1.5813107815109928,-0.7686428049614663,-0.19966979917285654,0.8004183579152141,-0.06913572458308614,3.0280700454856735,-5.374090047562683
-0.29657095353470836,1.83622583973002,0.3663329336500437,0.8631507387041388,-0.052612093055389005,1.0725333647101947,1.9484265541011465,-2.495254418827128,6.566302167937928,-7.571673093094262
-0.16615784194973238,-0.05510209904228934,-0.6762466973636153,0.012513759421530454,-1.4151667734825137,-1.2594712043760588,-0.03018485714585262,3.8158185724969402,-1.8100613570240098,-3.0264614685016493
0.2785759145118061,0.4751280673480088,-0.82189177154304,0.09152643923886121,-0.23467681592226086,-0.8414601530946475,-0.41958384265100146,3.0524917308682014,2.0514169331456937,-7.797417004706068
-0.22385881688049952,-0.04443616770435442,0.0926794460290038,1.4269847672264693,1.6229734486293805,0.9256446213940929,1.4851563449378529,-0.865243077393201,2.638310756878777,-4.734639219748843
1.727350214164185,0.05348162682190022,-0.4902221500387753,0.5502537430336992,-0.44336987952712686,-0.7663886801111608,1.5705436007190146,3.2169398093252664,3.321914614889015,-10.362779288318947
0.2889166671687069,0.2667361679766415,0.3034669008166697,0.056143340244167284,-0.348772681201302,1.55356466849423,0.16240605084272658,0.011437636506737903,1.6508737515135532,-5.595140545266006
1.0017453976515072,-0.38863318106681816,-0.8529378177922723,-1.5874928237313013,-0.27067375534369414,0.7656955258921091,-1.3684914335223863,4.135931144588333,-2.869012386670784,-1.0123440194436146
0.9086013598921112,-0.29933790775172203,1.3684693937651298,-1.3538075195468575,2.037127896959813,0.6485658379660353,-0.017528248282177424,5.962608990490469,2.575921951902752,-13.133193671403493
1.3638622298139094,-0.5662949155810063,0.5530767870252449,-0.2435280417248615,-1.488056743931853,-0.49302425538241845,1.251109482312179,6.0491559559035855,0.7579045523717405,-12.186618412316793
-1.4821853974428207,-0.41884874392503835,-0.901034029254952,-2.1951837465222086,1.4283383062639128,0.7772165364561262,1.7581109162143385,-2.1864948529398434,7.412483367311671,-10.339390013974194
1.5614382018035733,0.05741007143815779,0.9806732943274258,2.14344682477698,-1.9473051656898168,0.2086419064870071,0.20565664059489883,7.798243549815096,-3.3253523746449933,-5.819990827531188
0.43963660601699356,1.2487577724105066,-1.6088067092699718,-0.023422959200815323,-0.2833431737074994,-1.2518522121799116,1.4855214886442982,0.887762923917923,4.913459602416019,-9.339751540502423
-0.6542832766875555,-1.247317469694169,0.9955393281626821,-0.284099005360783,-1.3976638809451785,0.32319759685870747,0.7836050942972992,2.824489425084716,0.6680439821537458,-5.114938915279229
1.6017788913209154,0.35203447180292424,0.21509813581903608,-0.8241307213394766,-0.7063755021157926,-0.707797863168717,-0.48315855529730695,6.106374859191909,-1.465583741430219,-7.237412716777582
0.30962008190916684,-1.350099118126421,-0.7552194194170205,0.3964868174109183,-0.38583877461162164,-1.5842163388718526,1.441076778240017,4.475372586585371,2.838538927169928,-10.882024575324035
0.4788755385204616,-0.44997038186464916,-0.8628000195732701,-0.636496049848254,0.30817508872508226,0.4337691222144516,-1.0334955314604064,3.378800511850042,-2.3895645670789016,-1.0370851759086563
-0.17961141383145854,1.1825307417526572,-0.44606937845883377,0.3989819007023456,-0.04848390047065598,-0.3120953200462915,1.0837307806073746,0.23728383650249082,3.7363222094371666,-8.03282788718769
-1.0836988273580606,0.4424546049697111,0.9698044873917454,-0.7487496239809176,0.5426763465603288,-1.3941158437534145,1.050533649906501,3.195535124378355,7.732185860506999,-17.650026077199037
-0.47177603363833576,-0.542557820111825,-1.659887881419688,-0.7956788416705864,-1.0754197566188184,-1.6188652932801901,0.3853159514734912,2.2609313273971736,0.04326607010023756,-6.097094703870708
-0.3781625540393897,1.1300993164045137,0.2566587307122617,-1.016016529408222,0.5649406535468146,-0.8777560655285767,-0.32459689589701496,4.234841580834022,5.484233234405168,-13.019520195704324
-0.695942611670703,1.3249556793816308,-1.4855620032310715,1.0018339695494078,-0.386445762226417,0.6015500023439195,-0.6934133311673524,-1.176083443616093,-0.5503802583261101,-0.0493545394121494
0.33584125693302364,-0.7521608680675204,1.600047281319608,1.3079156237798386,1.3850596270486406,0.8433448919249784,1.9554865439637885,1.461004784517079,2.1423711836144292,-8.611581100171597
1.794370054600359,0.23166044423651747,-0.059042217305055426,-0.30492217093916213,-0.5638746765524585,0.24301756134819305,-0.2773532619310194,7.652676272434652,-1.5564982531931593,-9.456830669113813
-0.33412344070081207,0.2975110711855549,-0.4342004332588856,-0.5483455378650185,-0.3435357188256987,-1.3359173093914338,-0.6213766080475112,4.344766834897223,2.0484199926629385,-10.310232449981088
0.3858465525565008,0.023355316114555456,-3.063779866312396,-1.131986440076961,-0.38689655065125267,-1.845878874626824,-0.11912503371633071,2.0286215613237104,-0.3201260851013258,-2.6694794366203336
8.439309141418043e-05,0.5935546949055667,-0.4554812488548173,-0.8184976024103849,-0.18411293211716429,-0.7531243937909587,-0.2026489933002083,3.6660455812442283,2.5060510392056212,-9.709681707266595
-1.7306716055072182,1.1695381472938837,-0.5136362607149101,-0.3930529375860296,-0.7650961268974169,-0.8459677417973405,0.09605713911744292,2.111251929859759,3.7155848821309707,-8.48872453614863
0.8579758812571538,1.4451259569265338,0.5306939380247327,2.0767113258590237,-0.09399877422878479,-0.6769903476121641,-1.1530153819326303,4.936019632277899,-0.1757117219633384,-9.187897767298173
-0.5941499556967944,-1.1522488412767675,0.9112380445689469,1.6159824241620477,-0.6427835696407243,0.010575205529075074,0.14587197828259946,4.998181081866429,-2.3998090195553963,-4.048594868765992
1.6509279322312496,-0.14098789744441861,0.5489828740769108,-1.3620508308526522,2.1216749850659404,-1.0448088943065872,-0.23013619311163766,5.187935484456924,4.183640609334697,-12.96630030718217
-1.040586052512433,0.3750621518923401,-0.816793179270256,1.2269408764359389,-0.6982526968628611,0.6740232023161967,-0.5344706217126008,0.4253406260445354,-2.333176361786785,2.1633575946439914
0.3833938643534951,0.9163114410745667,-0.9980235932938778,-2.2592138775776114,0.33899451047482604,0.1376246052072956,1.8464398509114404,-1.2800976043525811,6.627636103732185,-9.893138604963621
1.4423047911862443,1.7771828402577243,-0.3532436918276083,0.2564589108585328,-1.2709528374055592,0.7045764170575515,-0.6067488426475648,1.6113322442240423,-2.1645310363385857,-0.9120225146379167
0.035576476984624864,0.010985513527525621,1.0960642330571804,-0.08792740941989748,-1.0027785562791145,-0.2795911535175272,-0.7903886536822237,3.503681437195424,-2.109170518926297,-3.3560123012414746
-2.310103436632644,-0.6719120236796768,-1.9608455984695325,-1.073702412717801,0.1823892147238758,1.6044099960353544,-0.07028192201435018,-4.052989643161986,-1.0247572836028493,4.310556504684479
1.6162096816512073,-1.0323970195548475,0.8117357099965018,-1.4682637598688473,-0.5603272328297677,-0.080398393905874,-0.9853780040698807,8.770990550338281,-4.339033982113307,-6.923314062107261
-1.6022595410589253,-0.317438554837682,-1.5328648783527072,1.8783791319931293,0.4748163228630915,-0.6685878574474897,0.7277129120327611,-1.1225757414510111,2.4659428147669686,-3.50010093581048
-1.7445859869741926,-2.1706154097954116,0.013355591543672855,0.768603765496369,-2.5392079174956637,0.38287113537147105,2.5719301452416747,-0.32532592969078117,-0.7460988922549374,-1.6634477484702113
0.6369062833722101,-1.0571548741382744,0.8891273175270074,0.5903205729863903,1.6063611506307183,1.927369755230228,1.3823274458964647,0.7581303211814294,1.5172864939338158,-3.6566087135504697
-0.40526926544933184,0.14593829414477413,-0.05568505264999431,-0.6527962938457945,-0.8964451561242719,-2.771955630625928,-0.45375773476274617,6.045845800414355,0.8883289612294593,-10.172889847243425
-0.5339002383735546,-0.43998770452970876,-0.9831019276582751,-0.6513742900675522,-0.42291425582250275,-0.5892708590639962,0.9006470828554398,2.434731618092586,2.606744427646093,-9.20149537767648
-1.3773156555203674,0.3664511465715505,-0.4511753572394145,0.5720957235984819,0.0311784486646287,-0.09638181355848706,0.9010788402376559,-1.0172794561112934,3.5196193983158497,-4.352331344482303
0.6665726686095336,-1.3969620577511315,-0.8897903262971976,0.39481127114609077,-0.2232897220539845,1.3152366287442812,0.47828070073017764,2.7094425244202625,-4.117106413602958,0.8504280463496703
1.0638515327343585,2.0959987502254394,-2.031619568663027,-2.1375005960805877,0.2576957212765554,-0.8816276824763011,-0.047717018170430385,0.46006822427589533,4.634549323955388,-10.000327910591041
0.23287802013716835,0.46617766219731077,-2.1864419787505676,-2.7038176800733402,-0.7506979365041612,0.8680664988511725,-0.18886884930447648,-0.36288099999753043,-2.3741339002281636,1.5422479955332693
-1.502503456040897,0.33028994561659186,0.484453439248422,-1.1904837546883553,0.7969436900282153,-0.7424695604235784,0.7581562617745978,0.9075103659444868,4.801620654430368,-7.647661062689086
0.4483240659731595,-0.4035921185193341,0.869675756694491,0.7552517759761007,-0.9113114887336718,-0.6920861566283695,0.8130357368876219,2.92564513389127,-0.5762782097710593,-3.869258164290299
0.1310578260461443,-1.3102967497654392,-0.6645866722585968,0.0859990650052155,-0.043209826896014984,1.4390750834862203,-0.32774241666676374,3.054812146863723,-2.2915324419153147,-3.000453936480649
-0.2322693299242352,0.8662252008585286,-1.3504214180553855,-1.4342222074576032,1.4957067211800286,0.591252942048272,-0.7570295658504664,-1.7519462654884843,1.9290480207449106,-2.2642368383655023
0.3330703726182551,1.7853183942247275,-1.842384462030672,-0.22776554558134285,-0.5757585244382156,0.6241931142173556,-0.375395066920231,-0.6327015746934642,-0.9252570157351641,-0.04008209168810528
1.8212988508131087,-0.17383770009461635,0.4698249232049664,1.8009906006887368,0.24007151264208035,0.9346820628963304,0.7863236682915793,2.979471709049729,-0.3977190735521019,-4.35167372369535
0.24410438897835213,0.93263884299112,0.7798696125227764,0.18334221399842102,-0.14728831353455754,-0.2690304842606603,-0.05502796639029617,2.5006218937338884,0.9819819588624752,-6.157804664471378
0.20230619183119358,1.245634960171873,-0.8831996311551246,0.30310188495033036,-0.13722670183625574,0.005323006627107235,-0.942118821850772,3.696620314003802,-0.14867231428213046,-6.726506180748152
-0.23817374397466523,0.9993363324744892,-2.377290491729981,0.10744870269731638,0.29181276742631007,0.5231994472697504,-0.5631000774803041,-0.6944388041561629,-2.09895837150881,2.576429602743083
2.093168308930595,0.37305231843417824,0.9083932972673044,-0.37719287478907115,1.8441164133942693,0.5903110945552991,3.1018858037448633,0.4916690698430292,9.616877135421426,-15.178470559510371
-0.933617680009877,-1.0973376745470436,-0.279676831132893,-0.07071559172446261,-0.3516793796105163,0.03655966440087428,0.30741076649402355,1.9182353667611762,-0.48137879812089174,-4.243493417444095
-0.2992647038852564,-0.6189465525913632,-0.3936374712970443,-0.6318156890827807,0.25032329319046315,0.32468165322885006,-0.14397210922113055,2.5324855833089255,-0.05023381354793093,-3.241226072207863
0.2964180008086595,-0.5817213492022466,-0.4336274851541877,1.0338094413989762,-0.6884521176042147,0.5605282752728444,-0.2583203572711174,3.1685460138660138,-3.5104784161741738,1.9408020116777067
-1.2756863233379219,-0.19688569870390954,-0.3421528907320472,0.8590460581777356,-0.21959398925875973,-0.4781649245161544,-1.0838962896056503,3.296719855623296,-0.2810091768001204,-4.551064590508952
-1.7039928626103755,0.5428582244775959,-0.3324425343397702,-0.7258582206871392,1.1793378097192062,-0.23479939411441825,0.9940731700058961,-0.8325884200849193,5.724592204581492,-9.3732042690804
-0.713874824036484,0.13512345186808206,-0.46438039219544847,0.5671707070196942,0.5582185755475376,0.02825537151004551,-1.1837213277652818,3.5237881784806646,0.328071027457997,-6.49594535127021
-1.2158909241041307,0.12659671027769356,0.06755548408082447,-0.8606830431645255,1.636425212341665,-0.241369454701366,-1.1463009057286688,1.2433945148200054,3.3946802248840005,-7.102203301320415
-0.605000712808731,-0.08344878322659362,-0.9580116007012293,0.5262020181238957,0.8478732894973424,-0.6746482181823238,0.2056589208860058,-1.133255095771978,2.5913469446836426,-4.716471462139988
0.3156050035903405,-1.1841283318982723,-1.2869074405363745,-1.0752883802213746,-0.96099634192432,-0.5415758617942777,-0.09984537387143656,3.09517064289059,-1.9672379223144065,-0.8269750748719877
-0.42360660646083825,0.4525384189795919,-0.822702023079101,2.4927388666385184,0.868702675231683,0.3202916840072248,-0.5241829062550026,-0.865010871970278,-1.3549516945262865,1.1023625025523471
-0.2873833615491761,0.5661877585748329,0.2772895312108468,-1.4527575467621472,0.9049185186938843,-0.3117479089045521,-0.12623700727326478,3.494078080758433,4.2159130772498346,-12.240890217880578
-2.280737845371923,-0.6627014083552638,-1.7346114969371953,0.9351087610227838,-0.050846617109281525,0.0167507090717422,-0.5851840765266658,0.1308665974039176,-1.8722346964965912,-1.3650144978576806
-1.4237344353990602,-0.04257862104444418,-0.6029783125670037,-0.5794400855816993,-0.42268298485232736,-0.6830756072090113,-0.06104798571090735,2.9859669475438504,0.7827186265452494,-5.682478191313165
1.274447216941239,1.2645398093380364,-0.08783567860369966,-1.3895233522181258,-0.05407517603790821,0.6328391323516083,0.6417106490138536,2.721877178498547,3.1308965917865743,-8.545129338752831
0.6774013686923024,0.2945928425583791,-0.07199859243978847,-0.17376238936216024,-1.1241405181643607,0.757423818050381,-1.2929350540015732,6.414371737131638,-4.171992430890051,-3.714523117027475
0.516297572101451,0.3138190201071218,-0.46986524921957273,0.8999996644297332,-1.2302601475985768,-1.5010594336215146,0.6606729130022508,4.5378699696327205,1.110554185520279,-9.61196746257914
1.0027578253046041,-1.3780092768478662,0.01389820933251119,0.4663287721704166,1.3798323297543882,-0.713995097234679,-0.28855278025639997,3.7696728125389836,-0.18998556866526345,-3.983334092768692
-0.9500220549105812,-1.355813971126554,1.4008818603129667,0.7583530326440655,-2.4186142826957147,0.8900271577431841,-0.26224685853694674,5.305974740676777,-3.881301412682279,-2.3417530800513644
0.711226579792855,-0.6443671202130229,-0.30902236519624954,-0.29006577393725175,0.18143139795036198,-0.2952804727200515,1.642848168853183,3.451526672569644,3.390312536158285,-11.294602012461338
0.8126012877536446,0.2386007909284437,0.2868911182926047,-0.5711359143597373,0.3303073121775462,-0.7162191151112647,-0.143572646638164,3.5924011852001323,2.4556789208378325,-9.95458476344026
1.0684715559890383,1.9129548077317522,-1.1851845805323176,-0.345156867242898,-1.0272305966876594,-0.0048283722766100075,1.5560163269499772,0.04390596489230522,3.4941087877816495,-7.642255541080797
-0.8373982238274621,-0.20940882703960811,-0.28073340085071186,-0.11533499480733611,0.7653425361362853,-1.1995088275577568,0.6408941585421234,1.6301607074365474,3.4148009274301843,-8.767048560369547
-0.24527784594210975,-0.7253915220079754,1.0337861679388998,-0.370370609661107,-0.7905344497229193,0.7851923067296196,0.21943995861993149,3.6497400540386358,-0.5643496742949472,-6.339041037847329
0.23267621135470395,1.1336804787567016,0.06269830323671424,-0.6667508502068556,1.1269431432122987,0.803314223624267,-1.3136281090041633,2.724911832602372,1.5655495323057074,-8.54537278372627
1.3276861322676916,0.9954902829453182,-0.6320858228089109,0.9444158685402726,0.3114093474506757,0.958511253780106,-0.14248242438660505,0.8166874428762643,-0.4911073546366945,-2.267823051016434
-2.063238276804743,2.309844422090078,-0.9698003951150737,-0.23236723937677117,0.3584595763667682,-0.6682505744545707,1.1883499206053487,-5.170096818825866,8.919156970184755,-7.895470391074331
0.20277504825236733,-0.49346820915387574,0.5718591826367099,-0.46164220292094515,0.820599294997656,1.6194351580732922,1.680307105978335,-0.05861571787742409,6.148876226646502,-9.554421026895954
0.13102711619341956,-0.640490071855426,-0.027433354183723595,1.340254400951829,0.6265763897910038,-1.4026906774030896,1.7230898947725095,0.500144841593082,4.129997955491323,-8.324946215078747
0.06300236833469973,-1.194365480724459,-1.895045849947881,-1.2119097199812767,-1.1990103925150117,0.022480296153736364,-0.13619970878397838,2.350947313667386,-2.627262005368568,-1.4704970116132892
1.2873311116050654,0.09235403825445808,-0.8555264529085758,0.9829162064617618,-0.46193518926703,-0.31090667207257267,0.6710124272110006,1.4004043241511592,0.9077895363058053,-4.3529327370255455
0.03210767397093466,0.04655747332786092,-0.6830918015851747,-0.6275772412110292,-0.04191798217477153,0.18975656116265244,-1.0892581201383016,3.1714545637732865,-0.24667133834375732,-5.057258107456553
-0.7460982566525134,-1.6583355655822452,1.479590373650935,-0.4768840230332781,-1.7256348251446327,1.1266103486291923,0.7444087336977152,3.2457716224602473,-3.0160665205924193,-1.0956516812756842
-2.5666584409312976,-2.1291978892000176,-0.42660498305909955,0.5539535059953238,1.2813338564645194,2.4274720443376094,-0.5592024737257201,-1.1836554864892137,-2.9916489998328246,2.1972081817369995
0.3959338744308236,0.7472720511434552,-0.9152257211533239,-0.9674900773752345,-1.3156635552744327,-1.1094210304392413,-0.23660552444832925,6.21852378084031,-1.1936919391347245,-8.026397318734443
-1.723463407405418,0.05641156716957076,-1.169676001024419,-0.726994372407347,1.1299703941075565,-2.2731776301211255,1.7098992559273836,-2.0768599227223907,9.16069345940742,-12.013464421688516
-0.7623234580276522,-1.379149251348588,0.20085029727593015,-0.9626304750859512,-2.1270975436158617,0.7765655517115755,-0.4252851971981094,3.8546557590360426,-3.950281733544904,-1.3476642902984246
0.9476496098482997,1.4221063499235564,0.8937987459354568,1.4066155336506445,0.27200110688318835,-0.36219113405498116,-0.23080586548801652,4.738241394582299,1.8545051506655852,-9.84528114107847
-0.42725264633653426,1.3190131977413961,-0.03447486503463288,-0.008933867891970693,-2.612195798319334,0.4154188302934896,2.0554768586186185,0.19287743160974602,3.3479883133469173,-7.669671686222539
-0.5387713176177432,0.7492229272008546,-0.8653428321018342,0.9375229217497576,-0.9145550467939221,-0.894283021882052,-1.171445186026269,6.664512164406192,-1.7045992105577306,-7.6354345910873205
-0.06695317289820084,-1.588897564178725,1.469937230941231,0.06413680237815363,0.47200956837807373,-0.8142875530732823,-0.43540562742738964,6.208808514957761,-0.12793298969076805,-8.78165648417976
-0.44856420802835434,0.9814797493081158,0.24468192548734993,1.306999553404016,1.7942317793285865,-0.04345063450892596,1.1526828774815703,-2.4971735332705918,6.277581751781278,-8.384238066851806
-0.8330367227960116,1.0245126754266898,-0.8175583983299655,-1.215502858845695,0.5593700673073582,0.8287114061289749,-1.0511759472670905,0.5922660546316568,0.884283949233139,-3.6696827806109122
-1.176614719429302,-2.344343308418874,0.08271820186318887,-1.023647761699891,0.5058850645353592,-0.5643132377612419,0.8445708597164794,3.559539051131803,1.9999700544308525,-7.770743588840503
-0.32626200502304,0.21958492717994416,0.5543300046323907,0.5781549168645216,-2.014714480933415,0.9263767478332465,0.34750930993308465,1.1000584566602922,-1.2171988059958376,-2.0544393366444083
0.6985663453715051,1.9164448767354103,-0.8898039893484101,-0.03135470067650179,0.37607353169579993,-1.3443948032833053,-2.1522470646236362,5.938504375274476,-1.3701844681653292,-6.5898122699201025
-0.5294394273660737,1.5518801201224885,-0.3049732187131,-1.1515935334079561,0.6407851342526418,-0.1856109348070501,-0.5306668897390933,1.1209475110264542,4.0461833587432885,-8.518637713661256
0.6433267946890444,-1.2279998808224974,-0.18030702284953407,-1.30177973741351,0.2832867981506457,0.07129461349743696,0.848406448962838,2.606603402092359,1.5853287992802432,-8.499906409803407
0.3833771131824704,-0.5932201848703592,0.8191041689121383,-0.03775503444853058,0.006734534101622121,0.1609421366160508,1.4631735002084985,2.4414262035646814,4.9828608062121935,-12.480749097302446
-0.13382296451604114,1.7396480419310116,1.084586391463845,-0.8765648241831969,1.5111365663591347,-1.4874711933807585,-1.1143896530507154,6.157923614914371,5.700840080899555,-18.731634389438348
-0.07972956385680847,0.09543903848773612,-0.6610690958071401,-1.8524229149889546,1.2272911466421925,-1.5374429491266413,-0.031584749213130925,3.115489629668934,4.900932296208123,-12.515427196574588
0.0389132069014598,-0.4430121532414673,-0.643561124950648,-0.04990539108671263,-0.4260855702310654,0.4103687026715378,1.5201061224168706,-0.547458083477697,1.4423971065317485,-4.308204414732308
1.3060017417068248,-1.3204889841570373,2.1211434026336673,-0.9870551545368866,1.2045075516061559,-0.6690451241738223,0.03644372582630957,7.4558689892702885,2.550519921388527,-16.023610054008902
-0.3748414628976096,-1.1109310952157205,1.060327204779694,0.4696967194853532,0.4246844532057544,-1.421728741448699,-1.5797186971944246,6.832920315919381,-2.60501054131659,-8.057171596591669
-0.5294927090638024,0.07898871634000969,-0.2592092593150832,0.748813885982477,-0.6087569236453261,0.585486232246082,1.4520881320393144,-0.5862656091685056,1.5291289541925057,-4.008016689910333
-0.02798245653021798,-1.6260844886265164,0.3964085022070677,0.29638302011675466,-1.0989245655905424,1.1582226687959571,0.12122418368935654,4.361974706047781,-4.415455409507573,0.5397965082862533
0.2552134168558746,-1.2953411844660352,-0.24432885517952907,0.42036212584262383,-0.34050609503183893,-0.054348065134071935,0.029750744658861888,3.72200169316352,-2.3824408004526414,-3.4674405754413478
-1.1620795127342871,1.2217286662175928,0.6759788558069234,-0.06375426499064825,1.4697237645085452,0.14623705696550768,2.3457330389610074,-2.6786350232923617,9.643443527395341,-12.625182866515809
0.09903482100720092,0.6712280116136986,1.0195109176646295,2.7996972218373095,-0.1879991015167995,0.5207208987017389,0.5250720408620666,-0.7559007148692434,-0.270646193749434,-2.325681862870299
1.7975945224343146,-0.5769963713775336,1.0460522510478993,-1.6667579329902373,0.7532120648278651,-1.8187577691239185,-0.3068683125602983,9.436250481271252,3.9961301405124514,-20.40207331958857
0.2582288233226952,-2.134693667476856,1.0823519297917354,-1.5403543758484106,-0.704159937574516,-0.22767762918582773,1.2710718708601423,5.770290038897832,0.9810381012720983,-9.935170852303486
-1.023497492621865,0.450317278043813,0.555145681944831,0.33354901163620493,-0.6455966024576721,0.17124082460057136,1.9984658747459307,-0.013860724963178916,5.276212148691655,-8.606508204664053
-0.25197737820688537,0.1697065451428121,0.4466615152789034,-0.21714361307631405,-0.4418557822928694,0.48030781722418714,-0.546448057547991,5.100999232524009,-0.6085185324733398,-7.809560131606884
0.07571328795683367,0.7324278097628383,-0.31163943394972,-0.7555407187405284,1.0566098490416067,0.17203113678046833,0.20523109170297799,2.778494543674705,3.0046693668635656,-9.14810094461942
0.20279727689777938,0.29691587073611253,2.634740754415,-0.9363212750452935,0.7150058109935733,0.3174104487994213,1.0823430544352473,2.4085165641416024,4.610756764446631,-10.79932614817424
0.6991967316948878,0.503048668376865,-0.08790648736921473,1.6647760587482714,-0.6135425592891501,-1.861389755221022,-0.24067027863572127,6.286773671314851,1.5471612146983416,-11.905232472045926
-0.6883722822307594,1.3120252622199142,1.4359940177677142,-0.060092247755131445,-0.1596126675206725,1.4255413723710189,-0.8829719061139744,2.0149510706146687,1.042759178330117,-5.536235332583574
-1.3226996123544024,1.579185502981632,0.8708227703666389,1.328478810791731,0.5503451014048882,1.0757056248263945,0.9910666908314999,-3.3815073336407293,4.869221842634482,-4.598364289927445
0.48516111254573785,-0.3969138412377916,0.3571286762713211,0.5949524581768018,-0.05272137600413741,0.3898067205385225,-0.4056426325128372,4.220742872462922,-0.3535803681720202,-4.313651360032223
0.17739611463694044,-1.7598157076954657,-0.9505362071857422,1.9154346915728602,0.07049622902116384,-0.3322621562870741,-0.21556337466258174,3.184325112060033,-5.843892162659153,3.2881863968329923
-1.5657590721805144,2.008755386185139,-0.17496803671417813,0.47125045784589364,-0.007726281105681772,0.3571419244288725,-1.4501793702102626,1.130873843201059,0.9545153205864069,-4.612014183786034
-0.1420032144075213,0.053457912617474034,-0.1564214791432986,-1.477307754317332,-0.835380288848037,-1.9878758296013461,0.019650095136569568,6.5656679716304005,2.057954676383466,-13.720606375303454
0.011451291670654416,-0.7745100615133954,0.3914960373481072,-0.2820290477899447,0.8663974003575995,0.3881369233081794,0.6960047866482002,1.3420030083882222,0.3505344300179576,-4.121915807053732
-0.10618193062257626,-0.3066972878259372,-0.05330286899115438,0.21940266975390574,-1.4135085982481852,0.17629262109645927,1.4250793326254454,2.0278481665452177,-0.2969657236275962,-2.720195820715989
-1.368159199245665,0.612965380474599,2.010926112400514,-0.3573050602668157,-0.7275736818213943,0.11018057778135802,1.7143803203566024,0.1033525922618066,7.031935075271902,-11.838738484190023
-0.6397515327497477,-0.24389611017733773,0.42228901912535954,-0.7261444026863596,-0.2138556009939144,0.26342526165215957,1.2859973646782836,0.23476224063227802,4.470076657585383,-7.5999577146223505
-1.107045682043488,1.9337934851881868,0.17300713965222583,-0.11580350997176611,1.2775301917402737,1.412607900636232,-0.45572501084051054,-2.1449856724222904,5.073562845912896,-7.988057355477487
0.15999161357343825,0.14862709530283086,0.5077284516382525,0.1771198300050302,0.33662370662734287,1.393519509610061,0.03415794354078901,1.4647639175563378,0.3313626911228762,-2.793441448910211
-0.35626397106142593,0.5983470470748828,-0.7138194972187111,0.7811812052237417,-0.7781238418605918,1.0423553170296844,-0.559935794361552,1.6352653185272532,-3.371115255724659,0.15702350847997837
-2.3942603049004716,-0.9302646872700508,0.6144401228924746,0.8630924536109083,-1.106582493787878,0.564742258490407,-0.2342857023273647,0.3784636542300541,-0.7275844736738328,1.154654812821612
-0.8768607781675882,1.2769808321980434,1.2293757176501043,1.1136597067412988,0.031134852944977556,0.8488665360350706,1.1358298488501297,0.5299648729700357,3.4582466604302486,-7.90300674933567
-1.7273204231923487,0.8402201626941975,0.21138647504826755,-0.8129740246401806,0.029833787126638218,0.6087897715292568,-0.7210621147987927,1.4235977942255293,0.9727881623840163,-4.936810231041008
1.359220600295612,0.07201764191705222,0.5767083615434017,-1.3438989116913336,-2.650223547298176,0.5851394574610765,2.071082599216615,2.7325561693519527,2.9362264645372553,-7.9429861869533855
0.4465311760299441,-0.2767000900857134,0.4678197829096571,0.9694097907482053,0.7546436171726086,2.030372990759104,-0.6857066210729733,1.9877569828824222,-2.7239027168014114,-1.9774440177417005
0.40982845732869266,0.12992985416607386,0.4019282830788125,-1.356599850939114,-0.40062891977001125,-0.1467166301285866,-0.6003824289163511,5.74237931959224,2.5949642790675793,-12.335451845024627
-0.3618325370843415,-0.6415427207828466,-0.15513028953240038,0.5911065144305567,-0.3213425300372459,1.0091119062550553,1.2302584578796958,0.7134522099304398,1.8790058757237054,-4.854737806595211
-0.3630538465650718,0.4325944517261522,-1.1536749163997606,0.22946036445842968,0.07785672426730414,0.09971037632409105,0.3621249759426975,0.029839206307465505,2.510668821381774,-5.524231120858078
-0.4070782363503251,1.1250439217080253,-0.4332326566230212,-0.3032016167104975,-0.7502190702421325,-0.47827713800819477,0.24917050128817964,2.0599479582885416,1.9272898621217744,-7.95108946918659
0.7394126723009475,-0.6348131639714567,-0.9415376022298011,1.6765947982456966,0.1181034650064601,0.509117569050969,0.5910534756424747,-0.07551050159944994,-2.574214641949421,1.6464401448620067
1.2141898289285016,-0.8761099242279576,-1.6643563933302008,0.2352897091698694,1.2838451268293003,-0.39119750332066106,-0.3992910617499062,4.386812453667629,-3.275027750599358,-3.9961050088511176
-1.0405439391575344,-0.2709281301578081,-1.5221992751914284,-1.6050559790039236,-0.05315648806975988,-1.5074811997787745,-0.9044532262960451,2.7267422801233288,0.41229981158723716,-6.510027730818472
0.4303013589575532,-1.3730030168855392,0.8479587434636998,0.26552864911647195,-1.050419943348547,-0.7038793410497978,-0.0283133356522669,7.542693471497109,-2.3752066025148615,-8.62268859874023
1.0258368428852387,-0.5634714254250696,0.5733624701729451,0.8392013551522634,-0.44746363820648183,-0.7756094792616043,-1.5655272274684384,9.38033395575935,-3.5659669694151357,-7.681108073779309
0.09048978162787422,-0.9008969953045751,-1.0996583458443414,0.25508204386775846,-0.6893452522173416,1.010781384005735,0.023864421189582014,0.8762748083839575,-2.2680638304808833,0.08693286215680032
-0.8374634040851927,0.9427658012252752,1.410161995301936,0.20320693339390494,1.501601872631193,0.7831365352724501,0.28520592636575753,-0.5307681453790656,4.424098326346729,-7.257162517950915
0.1601905933170753,-0.11420989177783689,0.08959276736843465,-0.8461021361773309,2.469196036692818,0.5700341960840228,-0.6643381795729958,2.4641250263681496,2.793018384260381,-7.929240927500342
0.13148581680545218,-0.1703884233561112,-0.37141773608206863,-1.3235883014013892,0.1887109634112177,0.2169618236145243,0.3760953675539912,2.519937809350555,4.463930347081813,-11.478774424504234
-0.8532433505588201,0.5595403706161663,2.1858637664176253,0.6155852878612882,-0.6683746832995339,0.36714437688620544,-0.6628522221367055,3.468233831094315,-0.10617211587369668,-6.974702386724802
0.7307746911386448,0.9674662729250108,0.5167028186484662,0.2839060011754735,-0.44247294285001093,1.6278539686940638,2.564513318292758,-0.1893741605150523,5.733952904073893,-7.74439917177934
1.6678876111195198,0.5362969691808936,1.2865901312872332,0.853232662869076,0.42684048002142533,0.7771284592755282,-0.8370336532238911,5.340580701398616,-0.8567319667968504,-6.335345750894566
0.8279881767970589,0.5654604191690931,0.4961207080887857,1.0874546201484645,-0.028678287674799376,-0.02642995474069754,1.7609023861276074,0.7979770994419431,3.4098429243422186,-6.6850887527392535
-0.20291398479554773,-1.5920130022414554,-0.056441096887107134,0.04262252307870598,0.011911016248631409,-0.9120785101897938,-0.6459651318937749,6.177664145403924,-0.5388868765562258,-8.33585249033815
0.5895468860356021,1.604229104685014,-2.739533122289479,0.20864958187336902,-0.668270005305298,-1.161310204722596,-0.43779549837186593,0.7638587127960668,0.9521829658150707,-3.8049835457722283
1.7289953408857035,-0.45138445096439517,0.9677253867794737,-0.43946351334689027,0.2000053082182553,1.2037821530254462,0.5181848827845018,5.255095454770336,0.07597699441348182,-7.125586864322843
0.33757454879893356,-1.322541133291679,-0.53953518192114,-0.5736696908584189,-0.8090992671949081,0.25234583134144734,1.4904416141005241,2.8382351964831987,0.7820953118350897,-6.025179790004008
1.6289369476239914,-1.9345307357131178,-1.711473159730459,0.6568185267201376,-1.7388154625209316,-0.9875177798486946,0.21893884707163588,4.483970503522183,-5.274351491848605,-0.33466362665680766
-0.7630572096947675,-0.5997494491188647,-1.2780883627118034,0.9610934861202163,0.7661839668502841,0.1233094044424584,0.7436070000996834,1.502031199137813,-0.12209232058139363,-3.5843629130741155
0.9957013858999235,-0.327305430255024,0.5603291782322569,-1.6595968383264046,0.3502124978585262,2.2726589908933312,-0.3484860780268965,2.2475525632469164,0.6895503594960857,-4.853783779217628
-0.9895381200318641,-2.3196107267512183,-0.33216852983900536,3.0317624151106344,3.4540464022441815,-2.8696200248549566,0.3553762106700964,4.0738760698334335,3.1876828320822224,-10.144999689981608
0.0699195809948253,-0.4698365084987269,-1.1991171261452302,-1.0406008548415047,-0.5129947491967435,0.7166310664731552,0.05285130986894881,0.5078589804308915,-1.569057330885716,-1.4284059210426212
1.2496652670437771,-1.176200316643433,-0.694465241925353,-0.44412145436551537,0.17917177460087425,2.4112440396396844,0.8837849612619612,0.6938896330090935,-0.2000332646249483,-1.2784863494092444
-0.5213229186372847,1.2284208122801512,-0.690115541151946,-0.4482897736442336,-0.6213944935471182,-0.8751096421946959,-0.3989647753269165,0.5805791139009118,1.7370026904067253,-3.700830092412498
-1.3026521168344645,1.4623552634733608,-1.0108689178563175,-1.8857616105711281,0.031565667289914785,-0.5991977350329224,1.5568946000974326,-1.5403556650624997,8.032464655360187,-12.775497475350187
0.08398100331445427,1.024098839841025,3.0595312289968235,1.64273430193763,0.5083753250179477,0.4826354994557758,0.07630681084904649,3.6354867453852173,2.200733518801222,-8.697773559941195
0.9274384815581808,-2.0141025948652898,1.1049404889577255,-0.5571705270530996,0.7978592002792693,-0.9948072371447515,0.6224410467594651,7.707131542641303,0.9759598540823984,-11.962067771509112
0.9315730128742441,2.457424092075892,2.8126492482387233,-0.8760594641105784,-1.1375939953626888,-1.8893975878739204,0.669823420916438,7.468623980170231,7.735427671581604,-22.40388388373086
1.8821748802040494,-1.1923953304424335,0.8985552801426162,0.8883575248346502,1.1225598701493487,-0.9571528278081498,-0.979394166902769,6.626707164048014,-1.3239661976787693,-7.239155153797474
-0.9547918171308215,0.9226397227878528,1.259705852880406,0.09217710752683304,0.005531138629270573,2.133160518003324,0.12724144897325032,-0.676621819486579,2.596455738095514,-3.2449753932411625
-1.0222802816473295,-1.3383824113238445,-1.0860345530341475,0.28085434872552223,0.15479224452383833,0.472451014355301,-0.046353702580765745,-0.41295996316402483,-1.9137550672160437,1.4568092570805773
0.2416445216767513,-1.7769866393260751,0.9303778576228922,-0.7013441497638416,-1.002738012148587,-0.10271394667489854,-0.032391276781437675,7.125601203755222,-5.6132430765116315,-2.458147431056692
-1.9369669327054153,0.393376870254097,-0.33960502560656863,-0.40817317598895414,-0.5290384975676395,1.1368686334505633,2.239502879643737,-4.033161272195059,4.880348055002779,-4.321750757267239
0.248787309801083,1.2128836917231558,0.09446999181963821,-1.2156563684719617,-1.5567159521360834,1.7690833257701195,-1.1052048408175186,5.009499972549889,-1.5503115398966587,-5.551555052074034
0.7562481636298061,1.188784114353874,-0.2703965558033584,-0.8380191804256851,-0.8152864287945346,-0.18847341037356372,-0.3338888115114624,3.488439010830384,-1.5057860121783715,-5.607912664353049
-1.8309058258475304,-1.635463248457858,0.10247236710315673,0.10715507283932346,0.37796262603407355,1.0188112432067427,1.5384653140285238,-0.4491678971392643,1.7807298916736602,-4.628387444763489
0.829519042024073,0.6517481414030399,-0.3545875472513581,1.6711212285632473,0.24477628379865687,0.03075254853490416,-0.2490347059438028,2.042789418595966,-2.2325972448061946,-2.7197267308921247
-1.4634420018370031,-0.5495526211300829,0.4850817670641296,-0.4488776202803848,1.1624630046819957,0.8678761000651124,0.010286727337475357,0.2264760796342959,2.583760574175877,-5.149415504048135
1.9050602140644701,-0.5873207627637789,-0.16787406942631122,-1.3827381702986268,0.18746767217252772,-0.5823535994615734,1.7741822235037688,3.654487003554937,1.97963873433527,-9.164972107430724
-1.326392717739564,-0.4890774681189237,0.9795853411559731,-0.061515679604637406,0.30061480676453645,0.7402230636056872,1.2131232504654668,-0.9601907900455735,3.4357835442226037,-5.971025857022508
-0.48975018290120914,0.23128202274336457,1.4309190188243524,-0.7420134248897403,-0.20118976349475026,1.0730092859616567,1.8873409462559467,1.4150064206988753,6.0058655451334895,-12.069922286783564
-1.7836111297141835,-0.14428437852025486,-0.6940433238576419,1.1697461809855167,0.36801003649451874,0.13251938582805775,-0.6325560363472975,0.4089544557898959,-0.6240845219709462,-2.5974111338436447
0.7242826774562282,-0.6161927399906946,-1.073615729137567,-0.4901383482393793,-1.3517959260633097,0.17752122551705124,-0.2011361778416194,3.874807527183606,-4.988476035578918,1.0966159392331618
0.3398753611927038,0.014680139889711287,-1.2253917994691081,0.19538091593879858,-0.7767511536063209,-0.09583449964285712,0.12401531860560501,3.720268800933379,-0.6760666646469762,-5.589992571630335
0.7375155684670865,0.5196605733465026,0.7718742923698284,1.0526444176155614,1.8504123223750257,-0.13552781779364848,1.7423138461962333,1.5965344638057648,7.8845127978648595,-14.409484421060814
0.2825869829192965,-0.9405302155012165,-0.904807503214422,0.22846068173232117,-0.32153578465392746,-1.7104680495732754,1.1101541158826773,3.2262624424652793,2.7073423794545155,-9.570685054021345
1.0762401574663856,2.2995890930373193,0.9959386848222581,0.2363242820282007,-0.6218359906044048,-1.8560206898867897,0.12904232858723516,6.819952837362438,5.615801279544387,-18.232807297860617
-0.4863079090733309,-0.5614830267828836,-1.0755722861430155,-0.1340272208093656,-0.8388561095125178,1.3543004655056223,-0.20435943653628302,1.009641099247167,-1.8297279540949136,-0.0240492731217114
-0.6760173056813688,-1.5510194123480547,0.9788413412371997,-1.368122846253305,0.6146440480818223,0.5760695035613909,0.09226560014317738,2.1258947226025713,1.9072733940753386,-7.091873224833885
-0.7528919172286209,0.5786616338151667,0.493267793839099,1.4310991655892973,-1.614481254090389,-0.1749298820038401,0.3996306861600717,3.5166828083208936,-1.0833511361999988,-4.965646420667712
0.35175640839920347,0.6620815345817527,-0.21427494255446522,-0.03892920048484066,0.3426471991948034,-2.0033691294001956,1.13138676195831,3.547597791255779,4.302217294716809,-12.064041951538552
1.4814555476589732,0.37694778569537224,1.480099203713916,-1.2818512477286654,0.9687405319235582,1.9947464184091128,-0.34643625218509994,3.7042739794604373,1.5399373909770722,-9.984259825448927
0.3493506225604296,-1.6150508905847878,0.3654873450385047,1.9735214368136709,1.3209100026698724,-0.5081209924156869,-0.6424266797084363,3.772336840754403,-2.6934115986513656,-3.179789248088201
0.10255318372626686,1.0713045389296156,-1.4065006270122327,0.6625261297812802,0.07058957541733794,-0.3278910626312124,1.3573375839998063,-0.16445671246147042,2.2085009145724186,-4.336845097247981
0.9682783545914808,0.444726818195233,-1.0928952410987494,-0.3157894861550056,-0.09841740865778026,0.03440749598552754,1.1011925333791985,1.024128000954672,3.7582291523403972,-7.536629725504629
0.03605992679779541,-2.601888315051689,-1.3582633948587894,0.6347106420900043,-0.17011919113015858,-0.6437556138323068,0.19697930459260035,4.793209876860212,-4.683469422022179,-2.7160258832984763
-2.2472685553408556,0.11135042939811132,1.392070920974255,-0.4740804733663613,-0.04775461848854061,1.1345324486972188,-1.0038625836175148,2.43056931480795,1.0387127823816336,-5.169682324398699
2.905067169240407,-0.1715645102163482,-0.05470443684927131,0.8723486799617686,-0.6273209259168789,0.32487762440682655,1.813736070314719,4.419940894048196,2.0698826554687577,-8.691462194805183
-1.589567493308969,-0.8537592225874118,-0.15461075861990903,-1.3150291055377534,1.0863259168730321,-1.063148710155423,-0.27624838521399475,3.7480729711462306,1.413779836824683,-8.136592537186955
-1.786707511368078,-1.8521618554012016,1.100370680697223,-1.4771429651124275,1.1412659695103695,-0.9933271267246865,0.06516906636423135,5.224589042271188,3.2198060021910937,-12.633389659896002
0.3135138474501953,0.061704634050368024,0.2489339103966579,1.2657749251665555,1.382872239040734,0.41347954405572146,-1.0586372679536964,2.4451859209314084,-1.9748754032777935,-2.383682865374438
-0.8450453279691511,-0.0397062823469779,-0.25961403134577454,-0.31910574055297464,0.025262831098390486,-0.4700087190153476,-0.47720662894486526,3.3607382481326082,1.3503601156150973,-7.71434219267931
-0.33925848388401536,-0.1627989966326071,0.03648075561423148,0.6107421557961942,0.5125949934312284,-1.061192189335421,-0.8725591090815651,5.089175697349584,-1.790368104724196,-5.746190059271495
0.7494338997277404,1.2609373235629844,-1.4413507997340538,-0.35806266957117455,-0.7520287224615594,0.9272264856887904,-0.3147719499179916,1.9423497056649794,-1.656433319617085,-3.3421766297073017
1.1129658916602636,-1.127953023505669,0.8572103535566122,-0.050474072781421825,0.7928471185176799,-0.27859577280620446,-0.7853075926357327,6.158597299855573,-2.699622299550245,-6.058825887846437
0.006339062362268442,-0.3906776025991957,0.762149241958686,1.1379567694000488,0.7581642172281733,0.8866900754060961,-0.5443217922727491,0.5937101985657738,-2.365631249184312,3.374268306897478
0.44381270938310463,0.48866852446730713,2.2996640696148387,0.7752291868507144,-0.7124048733521602,-1.402095996042765,-1.5829554197222364,9.623016039331578,-1.4349927785623515,-12.539065162800044
0.6319814837613953,-0.28987561547486984,-0.44707259186786463,-0.6220075239016879,0.41949727230971495,0.5683113089658791,0.4035223474539224,2.1185349038318764,2.3015708135481567,-6.586476179141772
-0.3237917042866007,0.12862159249126584,0.4498153265565342,0.004307642343159692,-0.9449338356200992,0.16874759522818958,-1.8104457043583122,5.7557478918924,-2.806924707390308,-3.648678023303069
0.471538522545139,-0.04955883755158271,0.47761072975677044,-0.49046216069371046,-0.6711487951306716,-0.9846525849923764,0.051554563324959245,5.882722308484316,1.1257849737155092,-8.118339546628814
0.19677609665695725,-0.3239847754964302,0.980190871671822,0.8249378896141027,-0.4655867795886001,0.7314943098048676,-0.9573927260743923,6.380834892755011,-1.714215500478792,-6.27494482756008
1.743934526167792,-0.6751139521434614,1.3687846319035628,-0.17417456222119868,0.04345002435145766,0.4919302013563091,0.07822881435683716,6.0450160969171245,0.6290597616640684,-11.003350976979373
1.4074818613137168,-0.4861941306990469,-0.17685919357279603,1.1634958143064738,-1.9891675712972732,-0.4783327614993951,-0.8313656987973053,7.798825557455008,-7.23030135480224,-2.237155042464872
-0.7517558478135002,-0.7804334546444512,-0.48498972426172404,1.3525939097565454,-0.7754071240103536,1.6244978459567558,0.6304252879801651,0.24326610794869108,-1.595527955605455,-0.22244080512023645
-0.25337756894801494,1.3638503249326897,-0.04555812675454088,-0.26639707519250877,0.5647100032131608,-0.06516161814069105,-0.43345532977786516,0.34778021923746416,4.392167329672825,-8.783569782231634
1.681816619300824,2.809568970096392,0.7698959812747644,0.7504235544035768,1.600875123677092,0.14948410073950924,-1.398391910690002,3.7415881282877583,2.9842372402421438,-12.306313309272047
-0.6120967990598081,0.4730871980274752,-0.9426799145313405,0.8356149278862445,0.09432015638109745,1.585261214185287,-0.5145988392841486,1.0860935720294802,-1.695967472786167,-1.1412692241071218
-0.4425357118921839,1.0788790390297387,0.6823925098127926,1.5682064470638322,-1.1873231090622745,-1.4099534900144448,1.0993517422876555,4.11201137406305,3.148548834005642,-10.152713772967948
0.3365831266054347,-0.16865175340045263,-0.06101735102840823,-1.1491592905386359,-1.4658914950335382,0.7796210207358992,-1.0070382242851093,4.942007554206407,-4.346009686206079,-3.4258220144281175
-0.3356073681186462,-1.1500854941523635,-2.1925434908074086,1.0793156564321207,-2.152365822854285,0.5899608453629039,0.8679799343482604,0.5114295785607913,-2.5299364088597898,2.9784523748891636
0.838489203736345,-0.9851580323108263,0.6049933756788733,-0.6448603066373296,-0.22556702106860427,-0.9051750567435755,1.6142460943748966,4.262892932463311,5.475594459578108,-12.836086677762195
0.3139082114575536,0.9629605732494478,-1.2594130667061334,0.10182061310329862,0.38169053447961365,0.5581170119496541,1.288832392310989,-1.132779049399386,3.0779409935260014,-4.20128874774871
0.7019536262212701,-1.871218116060987,-0.8874638247421598,0.5837865452929482,-1.1619002215998122,0.2873106025759928,1.9143254086037818,0.5013045627240444,-0.8874455935370487,-1.9895875916960377
0.8351112459145785,-0.18417574651522164,-0.028017784895743934,0.24264427132386202,0.7468468106342946,-0.5104578670284787,-0.2863134067868141,4.208243400090302,1.8504633645692112,-10.45753253756466
2.549327952607003,-0.8307698816053357,-0.9862401105165975,1.1906006788679186,-1.5651283945004009,1.5193876756455122,-0.3580542792106851,2.85295511793666,-5.7158022052555415,4.3520848219524595
1.0592237388963208,-0.1480724045477542,-0.25752119890979147,-1.0554337809557044,0.8461734630278627,0.20535568225145748,0.38442943761965875,1.8887266894575523,3.3870817721664195,-8.698402504544367
-0.9208503978091276,1.709943954012071,0.638759381675977,-0.1988316029788718,0.16820580711125588,-0.8478315477218382,-0.45385985835418646,3.0667393176685254,4.278244373565166,-12.188464347354042
0.6353711428612774,-0.7776059277482671,-1.616959400164946,0.7593852088307432,2.857473075464706,0.5664086773974751,-0.3878106853742732,-0.4600610873916139,-0.14408073803899596,-4.062813817945285
0.011445439091466015,0.6877611315998724,0.3847685442049928,1.8248790178071153,0.06796997116362523,-0.05593699406042271,-0.36593172704714716,1.6694276155398315,-0.41707913039368694,-1.3154408252297176
0.379280034365163,-0.4096489283680019,-0.9819098459508032,0.30111316710069364,0.9739963377594865,1.1178344005497223,0.6115793650208063,-1.5219155236139976,0.20372358914039446,-2.0426866565679878
-0.36824895678803055,0.9672992358427723,-1.036581974869657,1.1493768409578178,-0.2677108270474744,-0.09705912587414098,-0.26762706489607857,-0.054455644608617515,-0.7637214672661612,0.600242335400198
-1.5307152572567064,-0.5604494688030756,1.5452321516965593,-0.25563970504779554,0.1958183878814611,1.498420275650323,-0.5594707431489028,2.397001288878328,0.1488068810716456,-3.6470035857395393
-0.5334523471647244,1.1320522884141782,-0.15513313118059344,2.0221089508534758,0.38855168127921547,1.2288150027166052,-0.11445501031830795,-0.6772063354036203,1.038518989039615,-1.411944284949667
0.39703330001549114,0.5098207077761179,1.8879239715294662,2.422447901083496,0.5004645249851181,0.20336452469571042,-0.5929040143292734,4.295869930273762,-1.6692343060898684,-5.375122543167716
0.07212950771386951,0.1020312972405742,0.48938393893840915,0.28729076103636375,-0.8086304698725554,1.6464930754838332,0.43881652336169663,-0.16443785395091015,0.30961612790897397,-1.0333260538302733
0.8978154084105481,-0.3151743898852239,0.555240074279424,0.012578502351833248,-0.2889058808526582,0.8120962126845997,0.4144233294786382,3.7653971980772765,0.09142407779014794,-6.360024152402779
2.242920312402985,-1.2026965859010301,0.11379956534029644,0.9832399694454041,-2.1250101249030164,0.7805411094965004,0.6212516108950558,6.021667560282758,-3.8659701795380874,-1.2899191617582546
-0.6974238233002769,0.37604436962261134,0.4049823189246768,-0.6699950968782225,-0.542080797194501,1.3298732484184317,-0.5323778492992332,1.6633823415087823,-2.694519595921775,-0.6222354721365225
0.0693811351327787,1.4671812507090423,-0.4105339880150149,1.461799167547305,0.5898502463152723,-0.72539425762824,-0.02170845988770261,1.128242971358701,2.304877019119177,-4.987706370975357
-0.5778941080776558,-1.9738338698589637,-0.3644284180642414,-0.30486786299340723,-0.38668364248828285,0.4664928167495073,-0.46199300235426094,2.7729526471674513,-1.7735856094365392,-4.176832613998668
0.4137923171902139,-1.0172243411016413,0.2768197293308208,-1.4217620690471156,0.32290923040472297,0.895780511037257,-0.22999919602778213,2.9681804223153883,-0.9008233310481992,-2.8388790154129326
0.34464522623605237,0.21029129108614655,-0.5865156509199643,-0.304477807746527,0.954627793652306,-0.4032953129206253,-1.4555569213120896,4.103454379441195,-2.6445300136538634,-5.926268226324962
-0.45884049314930064,-0.14139550214380217,1.286842262645503,2.6264849090369,-0.19500437765441916,0.600745162884758,1.4933015621257555,0.9586103625379179,1.3858045920698825,-5.1230185744882375
-0.056954541213528984,-2.325371374874287,1.186142502118831,-0.781191026147006,0.26835898801852265,0.020308006560405812,1.6154302731785954,3.348308985766329,3.406945324308591,-10.558982579267758
-0.18992384102225704,-1.7652203153028492,-0.32920939835900803,-0.2635901501582435,-3.143666302024744,0.4461378272397865,-0.3216483486419647,7.230438285559375,-6.414673860594661,-2.491242248779167
-1.2348130869114786,-1.2645419919479142,2.3597719343296117,0.3616005218435837,0.7809315781091883,-1.6407346102868243,-1.4546438728581037,8.448452655442807,1.615631347279588,-13.410876283953282
0.15256251210246857,-0.43905391010493766,1.1414807681032177,0.27734417972021486,-1.5738589305358854,-0.8974207207714328,1.486150645860495,3.5195687106417757,3.7437138377789503,-11.00037422646633
-0.6711402773965811,0.4685527785062026,2.76743589203226,-0.24682379551158573,0.15158984481952292,0.7957210808805493,0.37933916628423964,4.843586427904707,5.329674584390785,-14.929114946157044
-1.416842092596874,1.5750828276087308,-0.6100988660571137,0.7443335887496761,1.1267648082610353,-0.553765153836162,1.9692258168221626,-2.6717206259120996,6.394442999529916,-7.325572031204125
0.8358078963143372,-0.227419412643884,-0.23961715543464693,-1.3610169279074695,0.2754726109677837,-0.3281428321466607,1.99274280083532,1.5160942499244088,5.227433057355917,-9.537283825964373
-2.41278033092949,1.0778433557451819,-0.042433810079108215,0.6308001641460198,-1.0333374959890294,1.918164394628769,-0.6542736859843314,-1.833266909570546,0.4569803490386235,1.7360012564589804
1.475949048053509,-0.1091451515613345,0.7494570154065637,-0.9170489464607607,0.5191029979568217,-0.029831080944547807,0.008931873110698613,5.793061932775426,0.25021628997191425,-9.76411657521422
-1.281069206845832,0.37797099799469847,-1.6081858112115415,-0.3765947230234853,0.7571183686744447,0.46114639135983565,-0.61060739629963,-0.7116789305926237,0.36594237114691275,-1.784066094164019
-0.7290838377436085,0.3270098687893148,-0.9234797799333037,-0.4847307615489939,1.2293249313154138,-0.6260804635723924,-0.1565385777150951,1.4116168921039478,2.7977733148110078,-6.853758816591818
0.26203581207438104,0.3415086855368029,1.4734130814417563,0.3632630792475308,0.3113731291216611,-1.5638146913219246,1.4874905779224952,3.275341676233813,4.254661848307007,-11.849811592992674
0.7777673890849254,-1.3683342975511175,-0.9444228784030915,-0.48801990156193453,-0.7811424922827788,0.45225412270219334,1.7851278019658896,2.5319567174439577,1.0326271956350754,-3.4281857563071227
-0.5577713459894236,0.996554884498404,-0.09588360256597088,-0.017597929255638137,-0.7711627620999453,0.5438072479179061,-0.8200112026395026,0.8278664832400253,0.8208830106805398,-4.586467500123567
-0.47152480744994896,0.25044630026076065,0.3630092477145166,1.0090998037340055,1.6923151561178125,0.3793443491806136,-1.280687251341067,3.0658415738995686,0.8508965283089657,-6.494847544828307
-1.296472328074761,0.513199811077181,-0.5357148727694001,-0.040342386534012425,-1.6976223095181227,0.5054960442082751,-0.6483584136249257,1.9232780836317134,-2.01337120044604,-2.837750495910153
0.4144094332759964,1.7187950030498593,-0.09496531059267174,-0.18924569656839169,-0.1461140315945451,-0.182078929348517,1.674684666741395,-1.4735178675286973,6.928067580489112,-8.98229884673032
-0.3423409386638824,1.7982877009230627,-1.4288154342262782,0.31474630558958777,-0.6946593533788596,0.2861949425543167,-0.097503228916757,-1.2171778238411566,1.6600228515420268,-3.0683855488498466
-0.9228864418952676,1.1273547616424222,-0.5853785019730434,-0.10077791594598683,0.24710256483042056,0.15134693365674112,0.4598303064648266,-0.9463986639393736,4.5739264344659,-7.434498229175394
-1.2826346502605217,0.5321293738814383,-0.6789793143519821,0.8617584942033671,1.6588971676113125,-0.3907709421333212,0.582746440658099,-1.9080660358669745,4.122094803793027,-3.155177809612103
-0.1697197964203783,-0.5831150723026911,0.8007191216696554,0.7900755494722314,1.195984178381769,-0.10328841503855507,-1.3486756563739577,4.929053733648292,-1.29609833239294,-6.319227800542518
-1.0206230195133374,0.5065831541902538,-0.8315227726663764,-1.7083998929533477,-0.10478665364781072,0.5835250918333419,-0.778174284277866,-0.8682771963843241,-0.841660640582728,-0.7203902594335463
1.1553120361066962,2.710745527218326,1.049498605863319,-1.0789571870486339,0.029039571505291815,0.3149672871517889,1.255577365919383,0.7266625386086867,6.403437949365132,-11.872908496142172
-0.25251733430296475,-2.214187371043003,1.2663045571693656,0.5575758428248162,-0.47712090201808144,-0.8457727947258943,-1.6030000815284384,10.099838074596098,-3.523721375866544,-9.445351610590736
-0.3086730555464126,-0.35361474161364437,1.0906599360881322,1.4408125980042632,0.3234650509506103,0.783759767397799,0.1180097531291236,1.2842590759798447,-0.44191052995827007,-4.382106165941992
0.5381154370039261,-1.8106186799803947,0.011277696618660139,-1.3169250736329463,1.2095207024428862,-0.7827339115972951,-0.008367627718889919,3.6762456054290786,-0.2774707031746555,-7.265368892595967
-0.38980980315576796,-0.8942073519794773,0.09800191409938289,0.6684176852860094,1.0171773476202053,-0.9365978176102492,-0.1417791462003969,3.6613560158776184,-0.0699746137178634,-6.017796961119436
-0.15105187760692926,1.0155152164829295,-0.44948342976970423,-0.49286894782440155,0.579269811898811,1.3747486832306544,-0.6228208365228246,0.06937600408194461,0.4866162072618953,-1.9201516765169235
-0.10973418163018368,0.08786763708072752,-0.485396202914123,0.6018956486064415,0.42874778745354575,-0.9661853720724374,0.696207461836084,1.2723862727572182,2.6726487254173406,-7.6076624275491405
-0.3644382522644612,-1.4718123513241856,0.013236672801670204,-0.9647384430113423,-2.624166777501417,0.4986358672518455,1.4915665164487661,3.3875848747740736,-2.2163694878327025,-3.3535211356360604
0.43476607446661863,0.7744947038653713,0.3319954934569346,-0.6474594284795192,-1.7374219290621107,0.4871618178256701,-1.1602871459598532,6.792192803571026,-1.8334238200256943,-7.559631277637982
-0.5039577414106104,-0.007116855128515773,-0.5337959396592085,-0.2455014897355009,-0.03976223142817396,0.8833995689324271,-1.074693701691767,2.9081537681099916,-1.504209758761819,-3.0944749538689056
-0.8996947864877538,-0.012938768103588062,0.18291473012870507,-0.0724123388305437,0.4376733001931063,0.6211975594529023,-1.1481332948044598,3.0314499857312076,-1.871908812757735,-3.330647319374185
-0.2020832453894041,-1.9528155300482481,-0.6343309935255456,0.26754028612655384,0.06718110965398118,1.892168830399606,0.3495579486320601,1.2994552347209023,-3.8735204942175225,1.3477290509666555
-0.001392651443348899,0.7368365309200512,0.4868185471492834,0.1616623863795536,-1.4712440349069051,-0.6358025565476308,-1.2130355851987074,4.178541172687621,0.02584780605202397,-8.492913946465478
0.846583985843404,0.5622728719144933,0.6216013131209713,0.420322829776129,-1.1479028751900089,0.2961695846287402,-0.816847902375455,5.13761979999957,-2.3912642506062323,-4.292711567601255
2.5976737265958323,1.7058526805445642,-0.2800686268808754,0.018394215571319834,0.38930539110441015,-0.9856561689666805,-0.24761303312442595,4.59386827358154,2.395118157707031,-9.871849187294739
-1.2779375743196193,-0.08485053166200977,0.3350423675374132,0.7768076988651466,-1.0709069958445192,2.0597658993397405,1.7111015603628703,-0.6871206580380453,1.8812777827315779,-1.1400764139884423
0.45938577171661177,0.46221248901062467,0.3087992768481657,-1.0470917207664545,-0.9231651240281931,-0.8285541534336024,-0.010016895116299348,5.284391039911402,0.48259747125842534,-7.894428719971054
0.973894128217401,0.6600374917903349,-0.11902850660012523,-0.1511683806905494,-0.8242992082176034,-0.061883235127395034,1.1502237584974535,2.402303125519378,3.739116558609231,-8.291131591044465
0.6339103777337424,0.25185441529500513,-1.5478328327399113,2.238831666414424,0.42848292865583376,0.6067331774117265,-0.20782218872037653,0.13225492679608036,-3.5859938478492985,2.7620223369532635
0.316494261673308,1.4493448012363035,-1.0904472525504776,-0.32624368162382816,-1.0827068222868157,1.1083475778800387,-2.028469418831545,3.6636659024433698,-3.4767311534740557,-1.6075576212941456
0.4633698060326869,0.1706250785397928,-0.08973076991161853,0.32741109519753997,0.5865823373334818,-0.750375308326479,1.6096310570316332,0.29660332787056176,5.2742167450858055,-10.660992604938874
0.43442364354585733,1.4873982896858626,0.39045493205388226,0.23511994315166507,0.5587710347377585,-0.18799493808322118,-0.2736150547046242,1.6991611981645334,2.9123238714715316,-7.287306207219332
-1.150864509185567,-0.033294739516937566,-1.7669618981300543,1.1997297803441704,0.2567837815138569,-1.121566061277659,-0.725816694733224,0.9462601473425037,-2.860824838404427,1.0077873247735702
0.39126465993323495,-0.3007645848467349,-0.5162975968615086,0.7222017089664575,-0.09621348292819902,1.1249328357046429,-0.7233346595322319,2.1367930842743066,-2.9003957534295557,-2.1311890736676444
1.5882761071492624,-0.13002606149848983,-0.5370969895661131,-0.23105967989949022,0.18292875353895768,0.13542598524553,0.4662251226514788,2.731651629433472,1.0991832864997901,-6.228440788078861
-0.20110465451883033,0.20363317870980122,-0.861982355313375,-1.2267687345516363,0.007989308907942713,-1.846996177190627,0.949679902816359,3.1648194490532204,3.3561449996565407,-8.513714947926909
1.4377769399164624,0.7692362080371281,0.29891815258415083,1.2319794032650222,-0.6723158663204145,-1.3292987229217992,-1.005551940894921,7.97025471227977,-1.1122714623874006,-11.250124516212875
-0.7194802332847904,1.3251467288748389,1.008668355954839,0.6358433382659322,-1.3076668983849393,-1.0906599743692849,2.8000859359143266,-0.41208682959818677,7.166056831062318,-12.347671097586582
-2.2912895085981,-0.7978827636184951,1.4794621438521929,-0.3481697908366748,-2.0386105065724083,0.18807403429903718,-0.24418691910166884,2.565517283765325,0.008551514040052943,-5.999040038179037
-1.1624287801399305,-0.6539631336369219,-2.516095195772766,-0.4077307716044333,-1.8219582295680803,0.4267689222175041,0.7063801464245854,-0.5335157972444473,-1.3383050209882956,1.7795012892537847
0.006016680436071459,-1.7191611338760466,-0.746116482942726,-1.056265408290668,0.6836287294797211,0.5289355469578989,-1.4014511477241796,3.905342464770401,-2.9439449152080366,-3.9797072758099423
1.767929913579883,0.11061312257867771,0.600959284699897,-0.7764744081483639,-0.5597002711498134,-0.8756287324967398,2.0937788508227175,4.804329460130768,4.026720828110717,-12.957334558690654
-0.8947270189558264,1.960484600783027,-1.856311567114457,1.0585528161418154,-0.8431326580117493,0.9369665419143417,-0.13891181270510022,-0.9901515524068938,-0.6697219989803445,0.0950408352319651
0.2294817154636063,0.03104720048855424,-0.19562233080768832,-0.35753010855453504,-1.7115393751832233,-0.20659926056749658,-0.4470094599118548,4.6867957582546635,-4.202278768312934,-2.6284037381664946
-0.2051616888660442,0.5560752738231508,0.5044446476624683,0.6252119305794656,-1.5137616266399756,-0.013111430996670575,-1.7740966972843037,4.6664055753041325,-5.6616928899915955,-0.2966869154813362
0.8638280136981883,0.614270438357064,-2.762675505673743,0.939420421798181,-0.7223603588673853,0.9882844031026585,-0.2380117228798793,-0.717766800110329,-2.9854284631362007,3.6408744459754763
-0.3093465397202384,1.43530015664544,-0.9151246594795012,1.0480295776172526,-0.5099771763342562,-0.6855316128530513,-1.449241480651316,3.422562905388607,1.0178125318068587,-8.002949312933088
1.836913528321314,-1.8076968597749328,-0.7446233564385631,-1.3498674122957162,0.500813133546111,1.054533696542082,-0.49524862019365573,5.360062548693941,-4.638315119580028,-2.0375976789745502
0.3342951284977145,0.1399243120391134,0.04605813857711549,0.1133705380252234,-0.7340734681435281,2.489254169023358,-1.740319565334422,2.4451471369639846,-4.37382389470712,1.130436508296973
0.7823503424176613,-0.7605088480713647,0.4194648928532483,-1.6062568182953822,-0.7158574437812334,0.6946885223972068,-1.3717755577909683,3.8939784612460913,-2.658081580584601,-2.0251361523140012
0.22555983951018072,0.7248546715562,0.30558019190248,-0.4886825689629625,-0.5413143554356487,1.132051367210679,-1.706096940217759,3.6061280465693457,-3.103368865058332,0.20097505155129913
-0.8876956557145598,-2.7496760196305754,1.782293792704712,0.040336405554690695,0.3183592265747336,0.6403023676657362,0.7528018229417711,4.330095630867237,-1.2521547993580842,-5.664323473374302
-0.7072645299514636,-0.3845501100179167,0.7861992686529143,0.8663662349850397,-0.7375568640679442,0.5697078815226975,-3.0628681231743076,5.271989479307308,-6.628537401665095,-0.047756831222978136
-1.615658339320678,0.22396742837344774,-0.39954894158842846,0.009552286256846456,1.3043301326604781,0.31759489083167675,-0.4183850696159234,-0.279001717864509,1.8769999670667425,-4.764442824580271
0.95205365313989,-1.3819490313636327,-0.06331985971095996,-1.9387526270035254,0.2653176800779831,-0.26902583122665236,-1.2319472220842016,5.8558759373043285,-2.41030775086292,-4.937592582117622
0.6474846907094743,-0.16395350002699655,-0.11335399783980703,-0.27825376845717287,0.5517282690437805,-0.796957653281206,1.4998267972288106,1.2385547524153109,3.932308484778736,-9.012693626903864
0.4249658974361492,1.0437433977204944,0.1261651964309746,0.010335563182354726,-0.6437474252662504,-0.021346419070559747,1.6485747229738668,0.8024599691959245,5.511736627507197,-9.868819522999507
1.3361861000121709,0.029423575584972723,-0.8158266479844326,0.33964176671335083,-0.8980177534142035,0.40524009130643124,0.5856056418097813,2.5199314967780526,-2.8282427756491195,-0.26908924558514136
-0.28624873355569186,-0.6225401526655531,0.765955452726233,-0.28201448193520967,-0.7352632617603321,-0.20742823669681038,-1.0946963870308715,4.634956355350009,-1.7799637628179417,-6.766205979555465
-0.7794823967254196,0.8780585789081998,0.10710503000947168,0.7329085574375346,1.6937662407624925,1.9087903584569665,-0.06834778836196333,-1.314429826220924,2.3020391677348724,-4.2666571535450055
0.989583934594853,-1.485055479127436,2.234386246197682,1.1352747316531886,-0.9476863356391756,-1.9315361063733665,-0.9199801110736965,10.061640853808441,-0.9544133198657017,-11.987096356396563
-1.7567217824785826,-1.157464632233422,-0.5074005764004252,-0.4413823123659498,1.677569449875411,0.6195652061255426,0.9802337687226637,-1.560901238168448,2.9101202984778984,-4.7716563535025704
1.785168402072131,1.099191555547813,1.0790096392361133,-0.22742063075565644,1.7849481228801383,-0.8723851082937929,-0.06398565562856524,5.353858503796499,5.85640310421074,-17.582944560427215
-0.1034201135746335,1.4253289434703056,-0.8312858359510763,-1.3018227522210977,0.5229953282473283,1.281230563762572,0.001047186082536809,-1.5779420889170568,2.5678127195765685,-4.255897347406548
-1.0350781140406409,0.6409907193949733,-0.07476892156472781,-0.14707349950860418,1.1094241891920569,0.382845708865145,0.18425522240455336,1.2625760282902674,4.858187501363618,-11.219805478571399
1.8478250129560454,-0.506602695971203,-1.0573867446632792,1.4295319745684398,-0.9446279331916002,0.3934158051805228,0.819406120864795,-0.12885385191246002,-2.80881863790878,3.9102806184013303
-0.10972745169429012,-0.23613009177798555,-0.7362731165383355,-0.4551173340386673,-0.4881087753386017,-0.06734265280915312,0.4555804373365769,0.8383022258240884,-0.9398113739009645,-0.3908606749357013
0.24766590110894313,0.2369553887192461,-0.32054037833754784,-0.15403331657586652,-1.8527978150649458,0.6023528388925202,0.6794024247266021,1.688133763174122,-0.8050533815400919,-2.687891316324096
-1.1849437664170246,-1.4176841701595697,-0.7438609270956342,-0.6982214597325725,0.45601218210912847,-2.117243312120527,0.9883377412115197,1.4599081971403853,3.1113178116709355,-6.5332714831605045
0.34770845245095694,0.10948535944708751,-0.4610262805808381,-1.5452999455287577,0.29793317696841465,-0.2971447372301422,0.7111501569345241,2.3191624444383128,3.9805071057682615,-9.408821242589303
-1.2516472141061394,-0.16465102754395128,-0.5170142249543602,-0.6689093400034194,-0.6920149492322138,0.3793589196671123,-1.1710899857034065,2.2175111387717354,-2.9325270969189603,-0.28977729553828346
-0.9651167622323719,-1.18707042637437,-0.5215386447863833,-0.051567839476213594,-1.3316447600574832,-0.05324079863907779,0.2865935472939267,2.488947264283833,-2.474014007996909,-2.09640080061238
0.3896917053200022,-0.5545724056404471,-0.560448809794373,0.6423171465004947,-2.0822412436298743,0.05139785431709231,-1.0667792375574,4.958394307327464,-3.797790189759472,-3.872643625833615
-1.0023439806908012,-0.27089362707093734,0.3044355228138156,0.5169904721611418,0.2545541255127244,1.5949368233406982,-0.2204745825863184,2.5593612326329285,-0.7672138225970696,-3.150001645013395
-0.862317959475543,0.45301875631217164,0.07861766953178756,1.790898571232915,1.2551584167047227,1.6739744952710462,-1.2036002148954528,1.0172909066219538,-0.33220792706999314,-2.5639452820627557
-1.495060830227205,-1.18147906792882,1.2318751342893033,0.5946902113701839,-0.5002148587562626,-0.7685457897914107,2.229795115194971,-0.35272944360535874,5.229482838931276,-9.587048902758447
-0.37171669658569495,-0.49174741973013475,-0.16677573400198623,-0.7269249589301569,-1.050663899233149,-0.7360079001897717,-0.015470762836802118,2.865020216882855,-0.18132367206679348,-4.988299501176219
0.01249411872768743,-1.5436252025220816,-0.4679763133242924,-0.9053652126818322,-1.7162486774845516,-0.7339487916139326,0.7114636515675471,3.935762118396412,-0.7371833714257986,-6.113912507717478
0.5487388188641266,-0.2143751097051141,1.727418286628101,2.845294394907639,2.2418378000109858,1.370744507474978,-0.33105053147208047,1.4672123675100972,0.34902790485156476,-5.230790014905086
0.4278904406949172,1.1208406514031668,-0.1297362031885032,1.9250128017358519,-0.9624726036810854,0.4837013936085136,1.4194634728149536,1.1903519439624564,1.6783610436012324,-5.293491438193498
1.1774118889776937,-1.180000778467259,0.826407309893258,-0.506169266692334,0.3262989434315609,-0.9824552586675914,0.5666839069710864,5.251202888086693,0.23560144660188564,-8.396832103881497
0.49716074405376404,-1.5927942597215277,-0.2615619010664018,0.7706987820947633,1.4159142745772682,-0.27733820879366844,0.29005009166375534,3.308910003396531,-0.02167909076951738,-4.687148633950467
0.45677523755741145,0.2437524804016479,0.4072638937354685,-0.4664165060074345,1.10767733948376,-0.9840485230191854,-0.8124011585565369,6.328582900190274,1.1997253103998775,-11.854170244368461
-2.3336161198483047,2.2297318414095484,1.5756775921706603,-2.0224470560434793,-0.13515360703241588,1.2871702425080878,0.07292489171713287,-1.8370922360537083,7.622288751059238,-9.603886063001616
0.15811908490510918,0.9146240539868465,-0.4027829411062397,-0.4462052643472624,-0.0036890256483920517,-1.85848793774098,0.6761373847768578,2.066515678128075,3.8604485445310153,-11.07806202110014
0.9282969915684843,0.23694861154594976,-0.24261904740027426,-1.2792539721752665,1.9079484933468815,-0.938544547309233,0.3406220284912099,2.1070320350777667,5.409649600075655,-11.080343109605069
1.8373866754875203,1.4782789357160593,1.196339485370247,-0.31867309057680415,1.2004203999102006,-0.03465635141297929,1.38313513986212,2.744825697466856,5.700844097405832,-12.882026321923227
0.029109946576669203,0.6737943936677578,-0.11626664531036575,-0.25582313424258235,-0.6504204526731951,0.5076617688887175,1.172112927476695,0.49018030501333393,1.8068360556805603,-1.7667256910606648
0.47113629339992935,0.19242111776818133,-0.5520247290115766,-0.06387058512449259,1.8395020028225635,-0.484899992778835,-0.7075232960039459,2.1415040371491143,0.508291798700164,-5.1514083170666565
0.668326018107997,-0.7148765618975097,0.010982892582401323,0.44646102124518744,0.8091174883856003,0.07498121798983637,-1.1472664914614634,5.745073507993995,-4.378774223256792,-2.071881660496965
0.6904853540677682,0.22678604610913541,-1.286130036708791,-0.8571764037774298,-0.8246225712046127,0.03904508556456009,-2.5927165154022687,3.7477245353915913,-6.533041912930263,2.2731839065541086
-0.15450567924990047,-1.1953589742981028,-0.6492629196101362,2.2340930807977313,1.7191090700229286,0.8841877387127871,0.9040649493002597,-0.7979426598519702,0.842058418785716,-1.77872287436919
-0.9194522860016113,-0.2292926535523081,-1.977749062367128,-1.5710977425706176,-0.16029294282301915,1.9137860400684237,0.7954598748704036,-3.1939093526980527,-0.6668159025101905,3.568781529544037
1.370540988614132,-1.0245289129130064,-1.0181176115186856,-2.0028137385258296,2.0650242577008555,0.1297823224618433,-0.041337280963909824,1.4865954849920395,0.04286658001676402,-1.8792793336713114
-0.12500903031957764,-0.3796865251425611,2.5319046777421774,0.48568895919051513,-2.1864064400171506,0.29171100909410663,-0.5234466424801542,7.073435169697829,-2.1477082600363775,-9.474430462066978
-2.107953341777443,-1.333474318734201,-0.17040965723498214,-0.8873900220024538,-0.4263015880138014,-1.3364100878519811,0.041854475782477606,2.233760407613243,2.0957174888202457,-6.10871205110269
0.5565334427512632,-0.724342519408201,-0.10823333832297323,-1.1846846436623242,-0.6775400129068989,-0.15802122874684088,-1.085570234915503,6.761103061561635,-2.4009116733038853,-5.532212037440177
1.309550684860527,-2.8670549537827434,0.7903405817847039,0.3248847188245844,0.3125399139825792,-0.6671505137683704,-0.8947539873680995,8.167451285345386,-4.947240514070278,-4.337213671455156
-0.9265759414055249,-2.0974509576101417,1.0684620672442982,0.3697059256391301,-0.9772462311318565,0.08138783642507771,-0.2108297133561673,4.671118866073494,-3.856414037410587,-1.164116621867739
-1.3766861475563088,-0.26307342445635284,2.337845119172165,-0.6696814280722031,-0.7665204469788703,0.01192953319656672,0.17004552856063573,4.395545943635917,2.323078365747251,-11.122424490845772
-0.0679802559844049,-0.21993579526633558,0.6399361658007914,0.7849542886879182,1.642161691930406,-0.34360109440037934,1.2521054245085916,1.8106307716006493,5.383011524174426,-13.344417695591549
-0.4313394382395105,0.19963501791151453,0.1416566973910257,-0.4136052427444181,1.5927284560195685,1.9748910853573585,-1.0305155023876045,-0.7331904598154297,-0.4404801951526691,1.1972481047357566
2.4451301450589167,2.857438423139865,-0.07577147645982442,-0.541600301433921,-0.7307124752012204,1.9893595585816115,1.9646355198830872,-0.5210817767888971,6.023476896605859,-9.427480739066969
-1.9368380406201853,-0.017037889337463016,0.005322860451700487,-0.12725330898528756,-1.177789767700871,0.9379989450534133,-1.3360617550554057,1.6231099914774965,-1.928471402196776,-1.0560410786439318
0.03461187418525562,0.796544030519997,-0.03247432391745505,-1.034720990684745,0.33959262325518413,1.5263031999864394,1.0871101984887657,0.669440745021324,2.9686686025409497,-5.61634544175724
-1.0450437095863023,1.5902188056217794,0.9872473529834096,0.17095535218750518,0.351570782962459,-0.8676236302270486,0.15188148328929144,1.0599181642635065,6.965288406305467,-13.459061366954767
0.6087614722244398,-0.2138045580904907,0.8439368915533556,-1.6280422139512112,-0.24987225908555988,1.1314243705027294,0.030246564855953728,2.660917151105923,2.3653273461321573,-7.945844242532361
1.6109369950118944,-1.2198757448415216,0.09015682766757308,0.7268728636964236,-1.759908871956445,-1.9959075861197932,0.3389618992411148,9.244435407532652,-2.314610795598397,-9.092086960878985
0.09947747301573849,0.8956052433143455,0.21620467632268803,-0.6256241064013961,1.2722388617720979,-1.5410729965013943,0.4134732931055044,3.2330750495835052,5.781990024667068,-12.040983656446013
1.3634287120856987,-0.31728672525244067,-1.0197601853814635,0.2213752539762284,0.28120645592290483,0.45192228339364876,-0.3327566983298747,3.789286820761317,-2.2168933587022983,-3.809536127802287
-0.7824163339614458,0.4102120156795513,0.9543483290916974,-0.7897560801247798,0.36100110363144033,2.2011031387545934,-1.0872353215883535,2.510338709551392,0.31781586482366897,-4.843067442101038
1.3357843363202329,-0.23412553728291255,-0.21379686184995605,-0.3122681946066529,-0.1378821889422362,-0.8060674729515649,1.0719029561826579,4.260002315546784,2.2778647152921234,-9.617495260942928
-0.21069001436315682,-1.0126838513881617,-0.14140267082537805,-0.781790229733328,-0.5835233787910404,-1.508373387331847,-0.9915503125746948,5.916054413725612,-2.4739295003531176,-4.895518632776911
-0.3798065117898951,0.414616285026703,-0.9956902268418067,-0.7747719955783602,-0.8116000511921072,-0.8112963347867491,-1.1382639842752136,4.552870569424338,0.23484052238832565,-7.809901615649741
-0.12268463749512722,-0.3256981100737287,0.6756066331644784,-0.17123274409232622,-0.8807179207114415,0.39203039805752304,1.920900822086021,0.009648918635861259,4.672309180423039,-8.397232232401446
-0.3817378939983291,0.06191648367995918,0.15844805049973495,-0.5224124314310232,-0.37061305353986224,-0.22081878555032944,-1.1012568208112323,5.354478199627241,-2.1504900569264462,-3.4306552251256828
-1.052898510703949,-2.4807085099845416,-0.4932218455059107,0.5159584767678441,0.00027010408817970173,1.8039304832528678,2.097510614044568,-2.1876001850280438,0.15262661673786238,0.760246581780055
-1.5815943994539423,0.9159303022795986,1.5020292518431304,0.539304552942874,0.40712980320827613,0.5042075185344578,0.6414329847337166,0.6773133483013907,4.006498687518562,-8.373467095369387
0.4523339506431387,-1.16482809646104,0.14551480533559535,0.3519307708186574,-1.4988952796101422,0.16644884394822793,1.5713949969507695,4.460500368224241,-0.11242474492654694,-9.045355707951565
-0.19065105750515945,-0.5607541640877456,1.2577789508694428,-0.3131539389082808,0.10014291246007646,-1.526585856687684,-0.25257403799120237,5.192764998947201,1.6605059518492822,-12.240687287197932
-1.958591440397031,-1.8283953114415024,-2.2428276216104335,0.40174891931974643,-0.4443094521956835,1.1105627402927678,0.7597569730181432,-1.57877303190409,-3.733449688263078,3.545496839625858
-0.3285252231228939,0.7538550699336822,-0.4346994737231341,0.9759899498158413,-0.5947273437739967,1.191550812650145,-1.079576720337252,1.5176006950992091,-2.5074195721307735,-0.19724569672580056
0.9874051450464006,1.1903057035101177,0.357364972155674,-2.236925498726021,1.1968167090961244,0.5280186796945225,-1.629636090484295,3.5118756978674712,2.896854348501459,-9.58932044753689
-1.110430684414478,0.06046844811736806,0.4585591362121688,-0.7405158205011196,-0.4103407314516127,0.2984312361750658,0.281829624418614,0.11767456258843279,2.822359443625521,-4.366225620228194
-1.0150679057288161,-0.6563708935481088,-1.6190718201181646,-0.17795755574568647,0.5052675159327706,1.1171058114560313,-0.7983347787388269,-1.9630999957963668,-0.5134868261124548,2.0868333970990345
0.701663648089567,-2.2757364037217522,0.7065325128978275,0.668197843557631,-0.5608990908438263,-3.131904818744181,-0.40485633234184776,11.251688599970025,-2.864365599627127,-9.14522713998194
1.165307535547177,-0.8631856623442771,1.1781848528171845,0.35130967598791774,1.7314287510323434,-0.2441227717526189,0.11554952316446464,5.907472334859598,0.8513425858377367,-10.382380730557198
0.3683566127006584,-0.25288144631783127,0.651540620643959,0.06494308755074261,-0.1996318246776329,-0.5648033511024263,0.38301315045168366,5.650053689208185,1.6769297927090128,-9.35738638086944
0.6255903939673367,-0.5865850850709007,-2.156008006059379,-1.2588064596843365,-0.39564355412600094,0.8478516263001241,2.0518127559389576,-2.3538132299025163,2.5950950208996635,-2.942147490322223
0.15542932766846604,-0.8360571148457872,0.6084517364296791,-2.7494353860385554,-0.7993364643249737,-1.5071167856344878,0.4288032178339101,5.798835315952975,4.292198041089328,-16.766976100994164
-0.41535726017968533,0.6901044247640123,-0.6942637622480688,0.372325560060305,-1.8410361672928455,0.11269120041554022,-0.45123088890642726,2.077709277043647,-2.181617491089947,-0.6682621335267998
0.6857490352746618,-0.5284261311155256,0.16191936728506806,0.4449420625446217,-0.3580093058910226,-0.4625828140565771,0.24960563101494201,5.53707000687613,1.1180841209805017,-10.13002957056705
-2.0501721010310225,-0.6505636204055921,1.0808562049508712,0.4289653911271988,1.3895602585800617,-1.651177759055531,-0.06300501583677695,2.6290520351120454,5.241256654851617,-12.647066214258412
-0.8262294663639526,0.8399226051327979,0.4077283696180388,0.3520029539376315,0.2723334011283283,0.3709882249395528,0.6498779734925669,-0.24829343513660268,2.830886750516349,-5.971274327581743
1.7286976444055924,-0.7969109892966902,0.675144659894898,-1.4051643606769604,0.4823862373324524,1.7095346156262687,1.0072990673581124,1.8657595627078547,0.9927726887903712,-4.756471152749016
-1.6198719943917699,-0.819753928770844,2.45824360573656,-0.6729710177274647,0.8132576787196394,-1.7817324991011003,-0.593895328955735,6.559676484821185,3.0952770240145835,-14.508750161928
0.6168141996897798,1.6965866829708507,-0.5840293332220078,1.7007927584283167,-2.7388114369433336,-0.0505570358546391,-0.2886148787694938,3.851066662589052,-3.919155374305187,-3.1696558995706683
1.723665720783297,1.5317788906010528,0.7260983614463344,-1.4220517661401326,1.0032058696177506,0.10648619460268177,-0.17160059837507027,3.5034219866493888,5.101048491082437,-13.597723923020029
-2.409921965799875,1.1896220052876432,-0.9911063155873504,0.6450166893150603,-0.35309633141780583,0.38749584781446095,-1.9490385689179244,1.4507326039372883,-3.845328699191212,0.7524536772006445
0.940289464883589,-0.6772741840092779,-0.4012549393198239,0.0681009634377188,0.6996732753528626,0.24535494857241638,-0.19252656952325795,4.090621480290101,0.5159847149346413,-7.6415096494487935
1.3591875752404365,-0.2358293621748528,0.06767125806270954,0.5461118308924472,0.3567126390359526,-0.08289702348155359,-0.2643656935134005,5.003815616127919,-1.5768794763108724,-5.198291468502571
0.385037937656101,-1.5670582502354382,-1.6791104276237172,-0.742678854701153,0.9949555975666642,0.718621625391053,0.005540842791797656,1.751839085739151,-1.4700931248813307,-1.2494262261002762
0.11922586112739209,-1.9215045305486382,-1.2729524287397325,-1.101621829574262,0.1871419867702157,2.710546768846383,-0.20021280962249907,-0.30514146034449774,-3.450915090146098,2.4544245049871884
2.0350733027310675,-0.365469594114225,-2.085028296679878,-1.7040996256474057,0.3583526510140362,-0.6328434548521167,-0.12607553636990937,4.797027346773659,0.629679633207076,-8.927004553172289
-0.85920601857557,-0.9943351084951194,-0.37351399718084694,-0.14933523707149754,1.372387434143576,-0.05974617896044361,0.1410953821621393,1.710629937528293,1.3401691191207288,-7.308920950173549
-1.4548224852577891,-1.2623892988571654,0.3812713900809755,-1.8979355185014963,0.3625929996965988,-0.08259146174516069,-0.07619567202394918,2.7399416194408497,2.1273548467563246,-7.345715696074942
0.31145283430343956,-0.46212707517244556,-0.5352555666305784,-0.7320079329057144,-2.357487458987316,-0.4131099527967148,0.044187834959585996,2.087012323364213,-2.8708470088743585,0.11621975845796417
0.6250852012481537,-1.0254101277779044,-0.2215961699981027,0.5615411546196448,0.10090153514706786,1.8953836254766674,-1.518365147539991,4.331699461982994,-5.3084233714003135,0.21027006430531953
-1.6550953431851838,-0.010196115625046132,0.11866416972399602,1.722829883369059,1.6744316823952952,0.046976196299497744,-0.3932979470221456,-0.9873648985000341,2.127030104217475,-2.7255093900186678
-1.6517591481792673,-0.7295771941356465,0.7129974253450992,0.4481421446267063,-0.29270416442148695,0.39314090314742434,1.2145568559539437,-0.07862489492253955,2.1412221459431997,-4.628251998726754
-1.6919626491697632,2.3869517995739225,-1.008308886274262,0.01488587520759545,-1.6227673302665249,0.37887691202017393,1.966868642912667,-4.856002656552296,5.655188902049321,-3.659191504144455
-0.28488406638257474,1.3679074507209708,1.1099696431056998,-1.105835182152118,-0.16484438157976464,1.3609015874770531,-1.5974276211665621,1.7161578360183536,0.815944627984861,-2.9197519864895396
0.0603859284244171,-1.121431046017255,0.4654967741662798,-0.07116698885308664,-0.07144540304760538,1.3104295008315177,-1.2345022797926115,4.396273173364093,-3.8033078760486587,-3.4960736327814605
-0.1591848713800608,-0.23665882465190033,-0.4871135608151781,-0.6490597530412794,0.021198643512365802,1.670280420787749,-0.039582714972448675,2.22652507870779,-1.4317548289695512,-1.4952850227860337
-0.10348826806596086,0.8241996197958629,-1.580339317845535,-1.0285042409412697,0.41384738581223823,1.7707977217275628,-0.8577800019918477,0.5819099389987143,-0.29689148494284806,-2.0431248099546964
-0.9029271780870264,-0.8608416785235702,1.2472114211424503,0.34044044350154545,0.304150446186177,-0.6986324146624537,0.5469595150160383,4.338133819047581,3.4970712153150103,-11.389445649626673
-1.404269098090749,0.19838116062643954,0.21053467078924676,-1.123971762429434,0.3899599441977477,-0.16135270436911373,-1.1123319147813555,2.856598826495991,0.5031786498676465,-5.12458890022711
1.1059933699072981,-1.4271364021862412,0.6619475894305167,1.421075938069784,2.4266677587313694,0.3717676405528632,2.5935480020693076,0.46695740028368027,5.1301827246465015,-10.141549920001317
0.5909063227933546,-0.7322853814020757,-0.6917697430023131,0.1775911169235922,-2.2551755584740434,1.4340182847395226,-0.23492942824827223,2.9571289314873903,-5.2876576038086665,1.9563646721669548
-0.16266592054490767,0.5705370361384854,-0.09019241337738836,0.7412817669850216,0.22610801004437128,0.3358456728858239,-1.3166414286580101,3.177238771493293,-1.3665368372965414,-3.0139452614421813
0.17196033243705985,0.6483940112387127,-0.9568367128796466,-0.6474102057016173,-0.01898259968086171,1.7497539194462957,-1.0439156413224373,0.23890860572717032,-3.7647420590875234,3.6689318887532605
-0.3117463308224471,-0.26641353407517704,-0.6622448193245927,0.6274938966718445,-0.8548349169327834,0.025674453657999224,-0.09235820683787886,4.072489852693213,-1.1547450840161422,-4.5069498706040045
-0.8333688059494058,-0.7246110515177244,-1.3131677181999373,-1.4126410226012216,-0.05337484442851077,-0.16112351745637007,0.9698976936554127,0.13434005945826036,2.397383292326407,-4.949923457346505
-0.3314881720972547,1.5164401005894037,-0.4580818016681276,0.9785928636649645,0.01932742366738962,-0.03402600268307527,-0.008175806923322827,1.8292667658502448,2.7727159069222314,-8.362425049715632
0.2424967912712216,1.290563762321174,-0.7683556595479125,0.0853713816025881,0.5425154435355505,-1.977278725367363,-0.31583416831982436,3.3998080080300834,2.7471100390998076,-9.712290414414749
-0.5434955079326346,0.4987194410697233,0.9194236766469855,1.6481121618238797,1.601571377895426,-0.9453826793598152,0.973740293431332,0.5142311065760463,5.629555657115753,-9.202729952659348
-0.1474424899181674,0.6029369437552222,1.021222289219133,-1.5223142306080597,0.025770193694991287,-0.1621345066439178,-0.733118331282596,5.7123893469111815,0.8503409473280614,-8.806410485456452
1.0127158178198286,-0.11549887929893475,0.7893665556697054,0.3951428190317255,-0.47760229333317933,-0.10497668468466637,-1.1469627282664296,7.0422783424708975,-2.2932840837801716,-8.704839985767437
-0.8456610327673472,0.09074256375217302,-0.6045986161795408,-0.9431599243693896,-0.2677945736751827,1.2745906653813397,0.2654240456396075,-0.818772506137498,0.3067265281867909,-0.5665892668804398
-0.9759588161149049,1.9029074622741677,-0.17621305896197587,-0.23212569049535728,0.5753473318075695,0.22687301801273724,-0.0010132325366156636,-0.9234033609675178,4.137294269442028,-6.061649603920434
1.5647180216699044,0.6172815804922585,-0.5419834002261925,-0.11216390011058394,1.431477113927417,-0.03745308498329951,-2.3457882425033967,7.474597313017341,-1.7801973657084948,-9.761722775697294
-0.04871840193011795,-0.674212461724509,-0.2943477235272498,-0.34284465290983673,-0.2573178852656725,-0.23495070377456886,-1.6306576222494007,4.748017719801923,-3.9151553549437854,-2.415704690573037
-1.021045160678322,0.15929778382964058,-0.5667130253101499,-0.11304037087138435,-0.41924065667327093,-0.979378004189292,-0.6615788844235619,4.296313648457005,-0.1376533384546614,-7.4983894190994125
1.4633028912195618,1.7713412422676835,2.206525307140402,-0.04268309622747663,1.0100636968649277,0.47983903690221674,0.7817402280478173,2.7691229107184183,7.758735392630873,-16.382407387975114
0.4390866789295762,0.8045703015848366,0.27924155393356226,0.6476139772195617,0.03787999448959883,-1.0336356655189114,1.2214722002075706,3.9220351403661247,4.653682235321197,-13.749678729711338
-0.07971821090639905,0.1803639430263982,0.8187639503474419,-0.7841422934704089,-1.184965208284214,-0.0011699890068746332,-0.5188453132811776,4.3796294670239835,-0.18479109538582117,-8.614800765032344
-0.056783194392691534,0.777609530278536,-0.10029766744340833,0.8743424284463873,0.05909333302501734,0.8074872340229485,0.662145281490603,-0.3500502577107922,1.9745506856688728,-4.456888338961636
0.49076670899381886,-1.2279155506918433,0.02444872191978665,-0.8378232587776496,-0.26441871272470363,0.6632154402564954,-0.5609290008790382,5.3937916090675735,-1.4849737891164028,-7.595423776763945
0.2689134476786009,0.7618547740424635,1.5373575518978022,-0.8834251560876358,0.06745456606786167,0.6625981504252507,1.418906048695304,1.463443994969345,5.6359881082808965,-11.248552076980582
0.5541165013240933,-0.02429738377081549,-0.35469730295967755,-0.00827988392958697,0.8756555318533007,0.07579154996435276,-0.6606769437718044,3.111500271149178,-0.3254246746086046,-4.209488457688481
0.8070082819444706,-0.18955551153927852,-0.2351506466144354,1.5444494781186728,0.899825832128283,0.6612751088830449,1.0080502628605923,0.2642922221228849,2.6849712544066753,-6.263034011089826
0.03091727803269891,0.8605297079614455,1.8421506585682637,0.8542398605768328,-0.45261893965394406,0.9653421122427754,-1.9792524766837778,6.355457681493933,-2.4350768173586683,-7.479047960972645
1.604254361517141,0.2912314168473797,0.042631024437746814,-0.9650127247795103,-0.4724402120724247,-0.2507825341777729,0.3234740834923381,3.3290338114772586,1.3594362621638796,-5.696179837066485
0.8942133285134095,-0.9834159786590306,1.0659776297431345,1.3516813728601071,0.31316560733234944,-0.5178000026979704,1.535907049242632,3.5146095947584444,-0.5108637021630722,-5.972339286856591
0.31604787064428624,-0.789986353867603,1.5012358638272103,0.36181294460498287,1.093534588216267,-1.708087705413325,1.214721474497781,3.4114393366875184,5.247174380430123,-12.72509753070958
0.34020997686833787,1.1226782545637386,-0.46252138394282544,-0.3075277647170156,-1.590649698269418,0.5452422044284568,0.7070407250968996,-0.6142640927671557,3.8882437966628887,-6.290774097876262
-0.32767309436196085,-2.651708334919202,-0.8664161386594389,1.016977048237856,-0.12008524506874427,0.5374297701390774,0.7611505498063198,0.9441480930809374,-4.795397742886362,2.31374869874492
1.4720145664901334,0.5831081356577431,-1.1383267269609427,0.3757302976123567,-0.017848638292391635,0.644514088682196,-1.8057501257682627,4.468731941632188,-4.79986052196789,-0.5480775319395625
-1.0356537528258116,0.9626575724868413,0.7314924079409346,-0.9089976945137175,1.4545180409590368,-0.08333262699661428,-0.8014387797551964,2.7312843541959015,3.957452702099236,-10.713586271133511
0.5211672557321126,-0.5806514027455847,-0.8659398838322859,-1.5156919215134717,-0.08232567819273391,0.23627077058901358,-0.1812198263054794,6.046633713197472,-0.26701230681334465,-10.077605278498568
-0.1792266254497549,-0.10495815600017268,0.7874827043855253,0.4045451930861567,-0.9667935211660346,-1.2040169138360592,1.0540415961636707,3.3091404255052677,3.5634678987710964,-11.327631664681462
-0.5907070139634865,-1.122768432270995,-1.0775613288673254,1.5098706831203152,0.7046478322206475,-1.5864566445522004,0.8645851955276563,2.8450403375307793,1.0183895328822419,-6.495616412987082
0.22921137411506842,-0.18249984265026167,-0.18329755642725984,-0.2602286305631211,-0.4644118192311805,1.1756854032310164,-1.2670884031299756,4.593066797690096,-3.038087623947995,-4.113349566957747
-0.9820194198303006,0.6556180611713827,-1.4686394303152919,-1.2146683273085614,-1.5959571596062172,1.1991704686772062,-0.010863746698195903,-1.5712343334976109,0.8281320989514775,-0.8147591780069169
-1.7577283913566313,1.6835862095380225,-1.3936724843661716,0.2595417655715384,-1.048591644827592,0.7886111192652209,-0.48464418961570654,-1.1811806436217165,0.5295604804473459,-2.908629129921544
1.10467921540253,-1.893171161238105,-0.7842585089151799,0.31271257927480167,0.14817887787141484,-0.3949972712981747,0.5604577749588049,5.95269737129693,-1.8373384101196821,-6.596488806027682
-1.1783036231148656,1.190413563293744,-0.270396942095442,0.7738911809098658,3.023781452622391,0.2533979172212008,0.9769641504287125,-3.479775350499515,8.218752844862413,-11.23328876774796
1.9372311624295169,-1.360258366289327,1.3225043315231224,-1.8959851991460643,-0.31493664075714545,1.4768086311982076,0.14613164095694817,6.961379263193759,-2.257129520950251,-8.524192938000692
0.43899315873829875,0.40395402073561154,0.05593935013240072,0.1382234254743028,0.2459473093961707,-0.17727466148399962,0.5502630709401326,2.4808060341359415,1.6935545679314683,-7.344388509493881
-0.40694374877255896,0.6785239514000281,1.5293134789672953,1.6642332514976381,-0.3325966607715127,1.3247369656272514,0.14687517312181853,0.8239885024957332,1.424524486543706,-3.4340287022884715
0.8567939825665268,0.4048550876357089,-0.11477794900192263,-1.4772079634610316,-1.1363028628925305,-0.06563068188658654,-0.45043863782585325,3.5191354632959273,-0.1510058826066066,-6.08540343099445
1.3000445946989585,1.2329019341026966,0.013375812715862578,0.7040150743216541,2.091669089395488,-0.3111992442315934,-0.3461620686346983,0.8739140221872019,4.009719456724358,-8.493276025865502
0.13076418791154437,-0.5308218281296473,0.8194475726178976,-0.6496037095948308,0.04974066544459848,0.2031664767410382,0.07609447892251621,4.401273553358714,2.4128142988541974,-9.314493268614688
-0.8690472478647824,0.388474200851541,0.2681627809553161,-0.2328507161155849,-0.8675909372632739,-1.9498011756530316,-0.4030738610061444,3.8910850806390496,0.5268880579844859,-7.678564994478866
0.051142058552161786,-0.8165751074555749,1.328156620895797,-1.2560547928680381,0.3184780667965807,0.44742071120237864,0.46155391796127865,3.0289805718091403,1.88441055704787,-6.764611816076313
-1.4708062945026579,-0.16493777539621862,-0.798805744892982,-0.5265066965161149,-1.0527830631116626,-0.5395274697703949,0.7360561337383746,0.4500195986763524,2.2929534071504465,-6.474553195735373
0.2959939896870995,-1.5756193271706151,2.57251743696973,0.44222206203659953,-0.2614212071730376,-0.740329365838712,-1.2512806335226867,9.31014703049508,-2.7166726104951495,-9.352629496526824
-0.4019925801292048,0.6643536742399312,-1.4624573848541527,-0.06280672314395548,1.8808763070078494,0.2725526229714672,-0.5401535540724726,0.2729402602041533,1.8812252381719812,-4.06645113124665
-0.1310866506877266,-0.8681934306407798,-1.0183155323612583,-0.3408965794450173,0.5288274933846129,-1.0865350262342919,-0.2027693556638182,4.918515044408009,-0.6094845405688083,-7.313756712347646
-0.7215580335428474,1.5369656539176446,0.4163681481389552,1.081450469628532,-1.2712491599124032,0.8724985021430535,0.3734403532155694,0.8522667384182757,1.7866447921770807,-5.319062113029335
0.5411316108045314,1.3581210958672605,-0.8974929708546623,0.8061002168001363,0.18964049902238825,-1.261123731347135,-1.34430712352563,4.980068386563871,-1.435608587278216,-5.1033131792837425
0.6191711169753933,-0.19076046033454871,-0.9076175061006004,-1.3090950523879856,-0.6783498788411441,0.2691857888276577,-1.7389872271999107,6.532185963936575,-3.7289509526655387,-5.235331489890316
0.21160973279505021,-1.274618402015506,1.642660293436234,0.11518088315279006,0.37060810882428674,-1.8396549898024643,-0.8306977366017732,8.493793904195526,-2.6444507794024776,-7.884130881169189
-1.5720402556532407,0.2929338234972916,-2.2194742586230527,0.585247531358856,1.0450646657711238,2.0225894046649007,-0.12159859034654243,-3.5844431167347177,-0.6962991956451079,4.300401248203739
-0.1913043248816149,-0.07735617982085408,-0.19600429784501586,-0.8453204649775686,-2.2152801156034707,1.2199632947770542,-0.9633320704695443,4.223515371041818,-2.894127873191256,-3.8059754032681523
0.7068496408990508,0.5511917287016942,-1.7349760820454327,-0.7608647450481768,0.13665650625383235,0.3374931388188395,-2.834244782633218,5.493261162822503,-4.999740020267896,-2.360306908573978
1.3373981074427437,-2.2497837779516074,-0.0980735685325076,1.2082628254805003,0.4774105734360883,1.1964984781862904,-0.6616243924638191,4.599038379015856,-7.062840490612256,3.6845237363214087
1.114592444577377,-0.3065656212870578,0.7689658715737455,-0.5382990953166494,1.4003659168813305,1.295952688284265,-0.45355157730561674,4.65857711760725,-0.848553050344539,-7.077751050242716
-0.09728659841348947,-0.37494468984913537,0.6312747301215763,-0.17747748709358746,0.3945994213705404,-0.6193173246231977,0.5368174565978674,1.9431930074171606,5.501540242573966,-12.545232035997786
-0.555327218819016,-0.4471576573299467,-0.19497988611978695,1.6119104774674902,0.8677755205261815,0.5315859857427483,-0.6484181249684061,1.3436647511752595,-1.581926932219908,-2.607579284046687
-0.9024230947925126,-0.10266209104063294,-0.3473828335985318,-0.4294726458945011,0.5669706595837234,-0.26434369726567053,-2.706337529420083,4.47625106916406,-3.1440102806454115,-3.1369667813354223
1.1877250932619365,1.477393664974669,0.6475741030616857,-0.7576117245422473,-0.111956834231647,1.1323159425473455,1.4732243456394702,1.2130470265353201,5.2525371418184905,-9.341981760078305
-0.1566378976580904,-0.4117494176846493,-0.7383765808771081,-0.9177089745002595,-0.09412106456781866,1.0163232025406992,-0.06678867882881083,0.015688707978549044,-1.9562458372919618,2.0732413378357286
-0.765535277429713,-1.146832082167441,1.6823835853400984,-0.1698744835797392,-0.22746762760733732,-1.3239920947301105,-0.4510012294467944,6.439604562182769,0.6835851170004862,-10.534174619787294
0.14242573607056525,-0.9128779867188273,0.05649669199323269,1.2676235608039048,-1.2157982985088753,1.2388498846734588,0.07949606309144953,3.8949773273039465,-1.8021472528328681,-4.5812843779518975
1.1280188573493026,-1.3976861631184037,1.289929698618241,0.6964118908227692,-0.9064739494733817,0.7972725611692801,1.1219110690741252,4.684891069263724,1.1666355885759954,-9.887331116651218
0.36345433783907316,0.34572657980157995,1.3723423428665182,-1.3375436932928941,0.7609455258811165,1.0264256805472187,0.4896261438724024,2.3801977164540395,5.832967109688595,-11.35825499014347
-0.4841694333335785,-0.713553981370355,1.7783209067198225,-1.0251791944441757,-0.13307644201126692,-0.43702730761000175,0.20866589896398288,4.730309960272518,1.4779108420904645,-8.348467829646838
-0.2663874900089551,0.09741341295778198,-0.7847792471559913,-1.0921823270869582,1.1190870848510266,0.9033770984808047,0.47711953787947037,0.7366104804969527,3.211232259613098,-7.0284416912017775
0.054353585390382264,1.477393634170035,0.7059697466988162,-1.7266066811237784,1.2809442087804244,-1.4226006487830172,-1.399405718282421,5.28496556454051,3.8135192188799243,-10.771538535827649
0.7908061216900806,-1.6823264817910268,0.12374001441139017,0.356756290308358,0.09129377217545448,-0.4073066723184845,-1.927521135716747,8.912784661626166,-4.874158398516007,-6.342778821108481
0.2627492251471385,-0.21802912810442213,-1.984143223128996,-0.3997200562897638,-0.9584591056952636,1.9753431178455254,-2.1556068785835505,3.636912090765616,-7.249792334322838,3.6555712391830926
0.37438645170626306,-0.7859766079313554,-1.3213640716452693,-0.8059177786176916,-1.4387751272401994,-2.4787565179008344,-1.0878520374669252,7.919134319942142,-2.64404278787588,-6.798049976457863
-0.31048397619594376,0.2830685880099896,1.1402094789367356,-0.17144983148779322,0.31323652737471736,-0.008648626012240201,0.07764057652716963,4.121062891195348,2.0721494476515594,-9.097847321789724
1.2479499850594318,1.0287809197455093,-0.9637751872343886,0.18605284365218855,-2.4383374137796223,-0.47449122942707067,-1.7598102635364925,6.514829570542933,-5.304037701209413,-0.8271100103092868
-0.06913793472613955,0.9711390068229115,0.6162353965533128,0.13660228301270078,0.36705352668088814,-0.2587263863874374,1.890730176101206,-0.15128990025472516,7.85781948838277,-11.68890806369088
0.45176860094098414,0.24537100899533215,0.7548618924740429,2.383861037981873,-0.8298183822075292,0.6953771478606484,1.8508536342912676,2.334138149460986,2.504848248076364,-7.0013476873606315
-0.159648307422017,-1.163473799792271,0.2013448532149219,0.7173484576086773,-3.0730302708212998,1.341115611681286,1.1700664042196551,1.7257195877901865,-3.6848036482171302,-0.8514317057010163
1.362642639803341,1.5904522979160232,1.4662028196256818,-0.9260780403504922,0.7870844420982043,-4.389114584864837,-0.2507189127222754,7.701617587054179,6.558858517962038,-19.997204635835864
-1.0415876326212719,0.7698568930553547,0.31799869441404743,0.29610058962327057,-0.6201984545539159,0.0037053507974743488,-1.8670601808949647,3.9678043534900396,-0.44136055219488224,-6.72962376190596
-2.0729834359912918,0.4597059550149875,-1.188880153597605,-1.3811639314907738,-0.6169795037547775,-0.14007544122496063,0.7558215041883719,-2.1023917178978775,3.331134557173749,-2.0317813657035053
-1.1111049009175582,-0.456809980738664,0.7523837327126781,0.32371889557906497,-0.6283199853884129,-0.05097586530525164,0.7952302186437133,2.075614037398007,0.6660404670868754,-5.829814177474011
-1.6828697716158048,-0.15368510436201774,-1.4470045764150157,1.178450850318331,0.24493922704446816,-1.0484276425345258,-0.5207317913982836,2.0536498371444987,-0.9588578201204696,-2.030174115780212
-0.1586348370386883,0.18405783127156553,-0.06350867443826871,0.2704853861101991,-0.39591796441059773,1.627231141663572,-0.6416324391380163,1.1919943403376223,-1.7573359799902275,-0.6733019316694865
